1 21 39 40 63 
2 80 
3 
4 74 
5 68 
6 
7 
8 
9 
10 
11 54 98 
12 
13 
14 67 
15 61 79 
16 
17 
18 
19 
20 
1 21 39 40 63 
22 
23 
24 
25 
26 32 
27 50 94 
28 
29 
30 
31 
26 32 
33 46 77 82 
34 
35 
36 37 58 100 
36 37 58 100 
38 
1 21 39 63 
1 40 63 
41 94 
42 
43 
44 
45 87 
33 46 77 
47 
48 69 
49 
27 50 
51 
52 
53 86 
11 54 
55 
56 
57 
36 37 58 100 
59 
60 
15 61 
62 72 78 
1 21 39 40 63 
64 
65 
66 
14 67 
5 68 
48 69 
70 97 
71 
62 72 78 99 
73 83 
4 74 
75 98 
76 
33 46 77 82 
62 72 78 99 
15 79 89 
2 80 
81 
33 77 82 88 
73 83 
84 
85 
53 86 
45 87 
82 88 
79 89 
90 
91 
92 
93 
27 41 94 
95 
96 
70 97 
11 75 98 
72 78 99 
36 37 58 100 
101 
102 
103 
104 
105 133 
106 
107 
108 
109 
110 
111 
112 
113 
114 188 
115 
116 
117 190 
118 
119 
120 
121 
122 
123 
124 
125 
126 
127 
128 
129 
130 
131 
132 
105 133 
134 142 195 
135 
136 
137 
138 
139 
140 
141 165 
134 142 
143 
144 
145 196 
146 
147 
148 
149 
150 
151 160 
152 196 
153 
154 
155 
156 
157 
158 
159 
151 160 
161 
162 
163 
164 
141 165 173 
166 
167 182 
168 
169 
170 196 
171 
172 
165 173 
174 
175 
176 
177 
178 
179 
180 196 
181 
167 182 
183 
184 
185 
186 
187 
114 188 
189 
117 190 
191 
192 
193 
194 
134 195 
145 152 170 196 
197 
198 
199 
200 
201 
202 
203 
204 
205 262 270 
206 
207 
208 
209 
210 304 
211 
212 295 
213 
214 305 
215 
216 
217 
218 
219 
220 
221 
222 
223 
224 
225 
226 332 
227 265 
228 
229 243 
230 270 
231 
232 257 307 
233 270 286 291 
234 
235 
236 
237 
238 
239 284 342 
240 
241 
242 
229 243 
244 
245 
246 
247 283 
248 
249 
250 
251 
252 289 
253 
254 
255 
256 
232 257 296 307 
258 296 
259 
260 
261 
205 262 270 
263 
264 
227 265 
266 
267 
268 
269 
205 233 262 270 
271 
272 
273 
274 
275 
276 
277 
278 
279 
280 
281 
282 
247 283 
239 284 
285 
233 286 291 
287 
288 
252 289 
290 
233 286 291 
292 
293 
294 
212 295 
257 258 296 
297 
298 
299 
300 
301 
302 
303 
210 304 
214 305 
306 
232 257 307 
308 
309 
310 
311 
312 
313 
314 
315 
316 
317 
318 
319 
320 
321 
322 
323 
324 
325 
326 
327 
328 
329 
330 
331 
226 332 
333 
334 357 
335 
336 
337 
338 
339 
340 
341 
239 342 
343 
344 
345 
346 
347 
348 
349 
350 
351 
352 
353 
354 
355 
356 
334 357 
358 
359 
360 
361 
362 
363 
364 
365 
366 
367 
368 
369 
370 
371 
372 
373 
374 
375 
376 
377 
378 
379 
380 
381 
382 
383 
384 
385 
386 
387 
388 
389 
390 
391 
392 
393 
394 
395 
396 471 
397 
398 
399 
400 
401 
402 
403 
404 
405 
406 
407 
408 
409 
410 
411 
412 
413 
414 
415 
416 
417 
418 
419 
420 
421 460 
422 460 
423 
424 
425 
426 
427 
428 
429 
430 
431 
432 
433 
434 
435 
436 
437 
438 
439 
440 
441 
442 
443 
444 
445 
446 
447 
448 
449 
450 
451 
452 
453 
454 
455 
456 
457 
458 
459 
421 422 460 
461 
462 
463 
464 
465 
466 
467 
468 
469 
470 
396 471 
472 
473 
474 
475 
476 
477 
478 
479 
480 
481 
482 
483 
484 
485 
486 
487 
488 
489 
490 
491 
492 
493 
494 
495 
496 
497 
498 
499 
500 
501 
502 
503 
504 
505 
506 
507 
508 
509 
510 
511 
512 
513 
514 
515 
516 
517 
518 
519 
520 
521 
522 
523 592 
524 
525 
526 
527 
528 
529 
530 
531 
532 672 
533 
534 
535 
536 
537 
538 
539 
540 597 
541 
542 
543 
544 
545 
546 
547 
548 682 
549 
550 
551 
552 
553 
554 
555 
556 
557 
558 
559 
560 647 
561 
562 
563 
564 
565 
566 
567 
568 643 
569 
570 
571 
572 
573 579 
574 
575 
576 631 
577 
578 
573 579 
580 
581 
582 
583 
584 
585 655 685 
586 629 
587 
588 
589 
590 
591 
523 592 
593 
594 
595 
596 
540 597 
598 
599 
600 
601 
602 
603 
604 
605 
606 
607 
608 
609 
610 
611 
612 
613 
614 
615 
616 
617 
618 
619 
620 622 
621 
620 622 
623 
624 662 676 
625 
626 627 
626 627 668 
628 
586 629 
630 
576 631 
632 
633 
634 
635 
636 
637 
638 
639 688 
640 
641 
642 
568 643 681 
644 
645 
646 647 
560 647 
648 
649 
650 
651 
652 
653 
654 
585 655 
656 
657 
658 
659 
660 
661 
624 662 
663 
664 
665 
666 
667 
627 668 
669 
670 
671 
532 672 
673 
674 
675 
624 676 
677 
678 
679 
680 
643 681 
548 682 
683 
684 
585 685 
686 
687 
639 688 
689 
690 
691 
692 
693 
694 808 
695 
696 705 773 798 844 
697 718 
698 
699 
700 
701 
702 721 795 804 
703 747 758 
704 761 
696 705 729 773 
706 722 807 817 845 
707 766 774 778 
708 728 739 827 
709 717 
710 
711 756 
712 846 
713 763 772 777 
714 
715 
716 
709 717 
697 718 
719 727 730 
720 778 805 
702 721 740 795 804 
706 722 732 807 817 845 
723 748 
724 803 810 811 827 
725 776 785 
726 757 759 818 
719 727 730 
708 728 740 795 
705 729 773 
719 727 730 
731 783 
722 732 807 845 
733 
734 
735 736 850 
735 736 
737 743 
738 
708 739 
721 728 740 795 
741 828 
742 
737 743 
744 822 
745 764 802 834 
746 
703 747 848 
723 748 
749 807 819 849 
750 793 
751 821 
752 
753 
754 
755 760 767 787 
711 756 
726 757 759 765 818 
703 758 
726 759 765 789 818 
755 760 767 787 
704 761 
762 797 824 
713 763 777 
745 764 802 834 
757 759 765 789 
707 766 778 
755 760 767 787 
768 
769 
770 
771 
772 777 
696 705 729 773 
707 774 778 
775 
725 776 
713 763 772 777 
707 720 766 774 778 
779 
780 792 
781 
782 
731 783 
784 786 
725 785 
784 786 
755 760 767 787 
788 826 840 
759 765 789 
790 791 
790 791 801 
780 792 
750 793 
794 
702 721 728 740 795 
796 
762 797 
696 705 798 
799 854 
800 
791 801 
745 764 802 834 
724 803 813 
702 721 804 
720 805 
806 809 814 815 
706 722 732 749 807 817 845 
694 808 
806 809 814 
724 810 811 827 
724 810 811 
812 
803 813 
806 809 814 815 
806 814 815 
816 
706 722 807 817 
726 757 759 818 
749 819 849 
820 
751 821 
744 822 
823 
762 824 
825 
788 826 840 
708 724 810 827 
741 828 
829 
830 
831 
832 
833 
745 764 802 834 
835 
836 
837 
838 
839 
788 826 840 
841 
842 
843 
696 844 
706 722 732 807 845 
712 846 
847 
747 848 
749 819 849 
735 850 
851 
852 
853 
799 854 
855 
856 
857 
