92
52
19
122
289
95
11
51
72
55
280
169
46
306
0
1
258
9
132
362
162
40
203
166
50
2
73
287
49
15
17
137
183
25
201
45
254
134
172
365
27
141
77
70
314
16
390
112
83
127
67
14
257
369
81
44
282
47
6
37
99
4
13
233
220
8
216
242
267
312
91
100
384
269
363
381
42
165
61
75
98
35
125
62
256
71
332
277
199
87
349
315
107
175
268
118
147
136
80
78
215
30
302
202
24
34
320
41
375
22
103
209
305
7
293
403
150
344
157
189
185
259
348
264
126
133
378
353
228
248
85
116
21
346
337
364
3
273
90
146
331
246
345
48
316
357
383
155
239
171
260
225
139
290
253
343
232
234
330
333
131
179
392
379
206
31
57
335
144
374
275
123
325
351
176
334
226
154
53
210
182
96
255
59
10
373
5
138
244
299
184
148
328
265
327
121
104
230
321
237
186
218
23
297
324
187
111
97
88
222
161
303
156
310
272
135
151
188
174
143
221
355
304
105
79
358
36
308
229
76
33
318
235
243
29
164
194
181
177
372
68
195
152
371
159
160
336
167
65
106
63
295
18
117
347
300
12
238
32
204
288
368
217
361
214
180
38
276
219
198
251
252
114
109
354
101
89
224
142
391
249
200
292
110
309
211
245
356
56
385
84
64
283
284
271
102
352
130
113
262
286
307
192
205
366
108
28
319
367
261
339
340
153
270
350
323
360
168
39
119
43
191
163
240
338
120
263
291
387
388
398
158
341
342
212
298
311
281
236
376
69
140
92
337
189
130
150
150
2
136
166
146
378
325
189
299
72
71
246
183
302
41
345
338
287
95
67
36
51
6
45
23
83
155
248
139
2
260
206
77
14
228
239
316
11
13
15
123
92
131
46
169
47
287
325
331
72
325
40
209
239
242
381
85
365
90
0
133
172
185
381
275
253
139
6
148
45
223
8
161
353
145
3
267
390
289
15
50
48
134
99
199
72
176
155
288
333
228
92
111
203
328
194
5
202
351
203
262
335
8
23
275
226
40
383
67
141
102
349
157
185
339
99
315
379
77
216
229
239
112
346
268
372
104
150
184
218
264
156
30
47
139
27
171
267
218
345
187
116
340
358
111
327
344
57
152
186
226
112
41
21
87
105
363
135
297
287
383
273
330
337
373
79
146
171
68
273
272
41
277
353
167
6
121
264
390
225
68
85
254
11
215
256
187
183
189
372
238
192
258
80
71
343
141
38
255
348
132
3
251
188
157
11
48
256
73
351
379
255
90
24
200
50
333
217
42
99
343
315
127
378
201
44
293
143
318
363
36
202
385
21
253
238
146
357
22
18
161
234
116
169
164
106
371
106
281
224
80
284
335
210
278
56
136
156
265
126
364
198
110
88
308
305
211
344
375
175
273
346
346
255
10
261
136
91
87
127
350
229
284
242
55
248
341
226
19
222
292
235
186
22
115
77
143
183
233
141
144
235
269
134
391
371
250
347
166
106
75
126
357
25
358
244
289
168
165
52
95
65
114
313
235
109
248
160
383
206
366
31
133
76
369
374
229
332
32
128
314
209
83
188
230
75
205
369
370
368
63
184
71
313
302
1
377
179
172
219
322
181
59
9
232
5
82
33
151
126
70
188
120
314
219
374
270
12
48
351
384
118
109
32
191
291
124
249
234
258
172
78
272
330
101
321
193
347
243
355
356
227
215
14
247
333
336
240
251
340
211
34
201
135
392
245
155
101
197
60
78
65
220
157
298
97
61
300
128
309
74
266
9
292
254
113
162
88
55
222
39
117
267
43
3
283
305
18
140
152
367
293
319
130
117
182
61
96
282
27
144
61
182
343
97
327
160
365
276
297
316
223
249
53
145
45
168
170
180
34
253
122
303
194
12
158
96
261
268
78
386
330
34
60
219
104
174
17
232
36
192
97
317
369
58
56
320
213
24
196
79
303
74
123
285
217
230
73
213
260
80
367
241
164
101
397
182
148
259
147
242
402
290
47
69
293
145
360
311
309
148
94
95
228
69
385
8
271
184
129
381
60
329
389
173
379
360
76
306
20
54
16
391
324
66
66
221
356
344
371
306
254
304
244
246
93
259
340
163
380
86
398
216
243
81
332
288
46
14
31
162
263
382
295
269
178
57
84
195
214
180
52
116
207
373
319
128
398
317
128
161
178
129
85
241
251
114
121
318
249
362
301
308
225
402
180
296
63
112
91
257
193
30
246
349
271
321
327
82
134
0
26
270
56
279
212
115
299
143
232
171
50
64
33
43
38
265
24
18
23
221
10
140
165
391
305
310
308
194
362
310
43
74
149
166
291
137
119
329
257
121
386
336
195
76
386
402
339
105
389
326
89
315
223
359
222
277
301
206
234
354
65
122
265
366
311
313
364
44
193
70
263
240
138
82
162
132
28
245
224
398
284
355
94
73
185
257
312
84
350
306
352
231
190
13
366
400
174
332
291
274
357
384
252
397
258
170
154
335
7
208
159
29
125
312
397
84
9
179
142
269
247
245
119
159
256
59
320
187
295
115
111
215
113
110
89
207
190
314
210
307
338
399
170
156
21
109
374
210
297
329
224
230
62
377
259
231
5
401
132
276
301
176
312
151
322
165
39
338
142
81
356
380
220
285
102
355
342
7
218
20
177
177
177
301
19
19
26
204
204
33
129
217
231
191
322
39
316
393
396
404
227
397
142
329
367
209
359
334
181
294
323
37
336
130
280
211
378
127
29
405
320
75
198
372
131
66
63
220
285
401
401
102
395
4
399
399
147
145
158
240
30
326
326
324
324
361
394
377
406
281
13
292
154
154
241
241
137
348
22
331
290
100
387
407
274
25