3206
0	I	0	0	-1	-1	0
1	I	0	0	-1	-1	1
2	I	0	0	-1	-1	2
3	I	0	0	-1	-1	3
4	I	0	0	-1	-1	4
5	I	0	0	-1	-1	5
6	I	0	0	-1	-1	6
7	I	0	0	-1	-1	7
8	I	0	0	-1	-1	8
9	I	0	0	-1	-1	9
10	I	0	0	-1	-1	10
11	I	0	0	-1	-1	11
12	I	0	0	-1	-1	12
13	I	0	0	-1	-1	13
14	I	0	0	-1	-1	14
15	I	0	0	-1	-1	15
16	I	0	0	-1	-1	16
17	I	0	0	-1	-1	17
18	I	0	0	-1	-1	18
19	I	0	0	-1	-1	19
20	I	0	0	-1	-1	20
21	I	0	0	-1	-1	21
22	I	0	0	-1	-1	22
23	I	0	0	-1	-1	23
24	I	0	0	-1	-1	24
25	I	0	0	-1	-1	25
26	I	0	0	-1	-1	26
27	I	0	0	-1	-1	27
28	I	0	0	-1	-1	28
29	I	0	0	-1	-1	29
30	I	0	0	-1	-1	30
31	I	0	0	-1	-1	31
32	I	0	0	-1	-1	32
33	I	0	0	-1	-1	33
34	I	0	0	-1	-1	34
35	I	0	0	-1	-1	35
36	I	0	0	-1	-1	36
37	I	0	0	-1	-1	37
38	I	0	0	-1	-1	38
39	I	0	0	-1	-1	39
40	I	0	0	-1	-1	40
41	I	0	0	-1	-1	41
42	I	0	0	-1	-1	42
43	I	0	0	-1	-1	43
44	I	0	0	-1	-1	44
45	I	0	0	-1	-1	45
46	I	0	0	-1	-1	46
47	I	0	0	-1	-1	47
48	I	0	0	-1	-1	48
49	I	0	0	-1	-1	49
50	I	0	0	-1	-1	50
51	I	0	0	-1	-1	51
52	I	0	0	-1	-1	52
53	I	0	0	-1	-1	53
54	I	0	0	-1	-1	54
55	I	0	0	-1	-1	55
56	I	0	0	-1	-1	56
57	I	0	0	-1	-1	57
58	I	0	0	-1	-1	58
59	I	0	0	-1	-1	59
60	I	0	0	-1	-1	60
61	I	0	0	-1	-1	61
62	I	0	0	-1	-1	62
63	I	0	0	-1	-1	63
64	I	0	0	-1	-1	64
65	I	0	0	-1	-1	65
66	I	0	0	-1	-1	66
67	I	0	0	-1	-1	67
68	I	0	0	-1	-1	68
69	I	0	0	-1	-1	69
70	I	0	0	-1	-1	70
71	I	0	0	-1	-1	71
72	I	0	0	-1	-1	72
73	I	0	0	-1	-1	73
74	I	0	0	-1	-1	74
75	I	0	0	-1	-1	75
76	I	0	0	-1	-1	76
77	I	0	0	-1	-1	77
78	I	0	0	-1	-1	78
79	I	0	0	-1	-1	79
80	I	0	0	-1	-1	80
81	I	0	0	-1	-1	81
82	I	0	0	-1	-1	82
83	I	0	0	-1	-1	83
84	I	0	0	-1	-1	84
85	I	0	0	-1	-1	85
86	I	0	0	-1	-1	86
87	I	0	0	-1	-1	87
88	I	0	0	-1	-1	88
89	I	0	0	-1	-1	89
90	I	0	0	-1	-1	90
91	I	0	0	-1	-1	91
92	I	0	0	-1	-1	92
93	I	0	0	-1	-1	93
94	I	0	0	-1	-1	94
95	I	0	0	-1	-1	95
96	I	0	0	-1	-1	96
97	I	0	0	-1	-1	97
98	I	0	0	-1	-1	98
99	I	0	0	-1	-1	99
100	I	1	0	-1	-1	0
101	I	1	0	-1	-1	1
102	I	1	0	-1	-1	2
103	I	1	0	-1	-1	3
104	I	1	0	-1	-1	4
105	I	1	0	-1	-1	5
106	I	1	0	-1	-1	6
107	I	1	0	-1	-1	7
108	I	1	0	-1	-1	8
109	I	1	0	-1	-1	9
110	I	1	0	-1	-1	10
111	I	1	0	-1	-1	11
112	I	1	0	-1	-1	12
113	I	1	0	-1	-1	13
114	I	1	0	-1	-1	14
115	I	1	0	-1	-1	15
116	I	1	0	-1	-1	16
117	I	1	0	-1	-1	17
118	I	1	0	-1	-1	18
119	I	1	0	-1	-1	19
120	I	1	0	-1	-1	20
121	I	1	0	-1	-1	21
122	I	1	0	-1	-1	22
123	I	1	0	-1	-1	23
124	I	1	0	-1	-1	24
125	I	1	0	-1	-1	25
126	I	1	0	-1	-1	26
127	I	1	0	-1	-1	27
128	I	1	0	-1	-1	28
129	I	1	0	-1	-1	29
130	I	1	0	-1	-1	30
131	I	1	0	-1	-1	31
132	I	1	0	-1	-1	32
133	I	1	0	-1	-1	33
134	I	1	0	-1	-1	34
135	I	1	0	-1	-1	35
136	I	1	0	-1	-1	36
137	I	1	0	-1	-1	37
138	I	1	0	-1	-1	38
139	I	1	0	-1	-1	39
140	I	1	0	-1	-1	40
141	I	1	0	-1	-1	41
142	I	1	0	-1	-1	42
143	I	1	0	-1	-1	43
144	I	1	0	-1	-1	44
145	I	1	0	-1	-1	45
146	I	1	0	-1	-1	46
147	I	1	0	-1	-1	47
148	I	1	0	-1	-1	48
149	I	1	0	-1	-1	49
150	I	1	0	-1	-1	50
151	I	1	0	-1	-1	51
152	I	1	0	-1	-1	52
153	I	1	0	-1	-1	53
154	I	1	0	-1	-1	54
155	I	1	0	-1	-1	55
156	I	1	0	-1	-1	56
157	I	1	0	-1	-1	57
158	I	1	0	-1	-1	58
159	I	1	0	-1	-1	59
160	I	1	0	-1	-1	60
161	I	1	0	-1	-1	61
162	I	1	0	-1	-1	62
163	I	1	0	-1	-1	63
164	I	1	0	-1	-1	64
165	I	1	0	-1	-1	65
166	I	1	0	-1	-1	66
167	I	1	0	-1	-1	67
168	I	1	0	-1	-1	68
169	I	1	0	-1	-1	69
170	I	1	0	-1	-1	70
171	I	1	0	-1	-1	71
172	I	1	0	-1	-1	72
173	I	1	0	-1	-1	73
174	I	1	0	-1	-1	74
175	I	1	0	-1	-1	75
176	I	1	0	-1	-1	76
177	I	1	0	-1	-1	77
178	I	1	0	-1	-1	78
179	I	1	0	-1	-1	79
180	I	1	0	-1	-1	80
181	I	1	0	-1	-1	81
182	I	1	0	-1	-1	82
183	I	1	0	-1	-1	83
184	I	1	0	-1	-1	84
185	I	1	0	-1	-1	85
186	I	1	0	-1	-1	86
187	I	1	0	-1	-1	87
188	I	1	0	-1	-1	88
189	I	1	0	-1	-1	89
190	I	1	0	-1	-1	90
191	I	1	0	-1	-1	91
192	I	1	0	-1	-1	92
193	I	1	0	-1	-1	93
194	I	1	0	-1	-1	94
195	I	1	0	-1	-1	95
196	I	1	0	-1	-1	96
197	I	1	0	-1	-1	97
198	I	1	0	-1	-1	98
199	I	1	0	-1	-1	99
200	F	0	0	-1	-1	0
201	F	0	0	-1	-1	1
202	F	0	0	-1	-1	2
203	F	0	0	-1	-1	3
204	F	0	0	-1	-1	4
205	F	0	0	-1	-1	5
206	F	0	0	-1	-1	6
207	F	0	0	-1	-1	7
208	F	0	0	-1	-1	8
209	F	0	0	-1	-1	9
210	F	0	0	-1	-1	10
211	F	0	0	-1	-1	11
212	F	0	0	-1	-1	12
213	F	0	0	-1	-1	13
214	F	0	0	-1	-1	14
215	F	0	0	-1	-1	15
216	F	0	0	-1	-1	16
217	F	0	0	-1	-1	17
218	F	0	0	-1	-1	18
219	F	0	0	-1	-1	19
220	F	0	0	-1	-1	20
221	F	0	0	-1	-1	21
222	F	0	0	-1	-1	22
223	F	0	0	-1	-1	23
224	F	0	0	-1	-1	24
225	F	0	0	-1	-1	25
226	F	0	0	-1	-1	26
227	F	0	0	-1	-1	27
228	F	0	0	-1	-1	28
229	F	0	0	-1	-1	29
230	F	0	0	-1	-1	30
231	F	0	0	-1	-1	31
232	F	0	0	-1	-1	32
233	F	0	0	-1	-1	33
234	F	0	0	-1	-1	34
235	F	0	0	-1	-1	35
236	F	0	0	-1	-1	36
237	F	0	0	-1	-1	37
238	F	0	0	-1	-1	38
239	F	0	0	-1	-1	39
240	F	0	0	-1	-1	40
241	F	0	0	-1	-1	41
242	F	0	0	-1	-1	42
243	F	0	0	-1	-1	43
244	F	0	0	-1	-1	44
245	F	0	0	-1	-1	45
246	F	0	0	-1	-1	46
247	F	0	0	-1	-1	47
248	F	0	0	-1	-1	48
249	F	0	0	-1	-1	49
250	F	0	0	-1	-1	50
251	F	0	0	-1	-1	51
252	F	0	0	-1	-1	52
253	F	0	0	-1	-1	53
254	F	0	0	-1	-1	54
255	F	0	0	-1	-1	55
256	F	0	0	-1	-1	56
257	F	0	0	-1	-1	57
258	F	0	0	-1	-1	58
259	F	0	0	-1	-1	59
260	F	0	0	-1	-1	60
261	F	0	0	-1	-1	61
262	F	0	0	-1	-1	62
263	F	0	0	-1	-1	63
264	F	0	0	-1	-1	64
265	F	0	0	-1	-1	65
266	F	0	0	-1	-1	66
267	F	0	0	-1	-1	67
268	F	0	0	-1	-1	68
269	F	0	0	-1	-1	69
270	F	0	0	-1	-1	70
271	F	0	0	-1	-1	71
272	F	0	0	-1	-1	72
273	F	0	0	-1	-1	73
274	F	0	0	-1	-1	74
275	F	0	0	-1	-1	75
276	F	0	0	-1	-1	76
277	F	0	0	-1	-1	77
278	F	0	0	-1	-1	78
279	F	0	0	-1	-1	79
280	F	0	0	-1	-1	80
281	F	0	0	-1	-1	81
282	F	0	0	-1	-1	82
283	F	0	0	-1	-1	83
284	F	0	0	-1	-1	84
285	F	0	0	-1	-1	85
286	F	0	0	-1	-1	86
287	F	0	0	-1	-1	87
288	F	0	0	-1	-1	88
289	F	0	0	-1	-1	89
290	F	0	0	-1	-1	90
291	F	0	0	-1	-1	91
292	F	0	0	-1	-1	92
293	F	0	0	-1	-1	93
294	F	0	0	-1	-1	94
295	F	0	0	-1	-1	95
296	F	0	0	-1	-1	96
297	F	0	0	-1	-1	97
298	F	0	0	-1	-1	98
299	F	0	0	-1	-1	99
300	F	0	0	-1	-1	100
301	F	0	0	-1	-1	101
302	F	0	0	-1	-1	102
303	F	0	0	-1	-1	103
304	F	0	0	-1	-1	104
305	F	0	0	-1	-1	105
306	F	0	0	-1	-1	106
307	F	0	0	-1	-1	107
308	F	0	0	-1	-1	108
309	F	0	0	-1	-1	109
310	F	0	0	-1	-1	110
311	F	0	0	-1	-1	111
312	F	0	0	-1	-1	112
313	F	0	0	-1	-1	113
314	F	0	0	-1	-1	114
315	F	0	0	-1	-1	115
316	F	0	0	-1	-1	116
317	F	0	0	-1	-1	117
318	F	0	0	-1	-1	118
319	F	0	0	-1	-1	119
320	F	0	0	-1	-1	120
321	F	0	0	-1	-1	121
322	F	0	0	-1	-1	122
323	F	0	0	-1	-1	123
324	F	0	0	-1	-1	124
325	F	0	0	-1	-1	125
326	F	0	0	-1	-1	126
327	F	0	0	-1	-1	127
328	F	0	0	-1	-1	128
329	F	0	0	-1	-1	129
330	F	0	0	-1	-1	130
331	F	0	0	-1	-1	131
332	F	0	0	-1	-1	132
333	F	0	0	-1	-1	133
334	F	0	0	-1	-1	134
335	F	0	0	-1	-1	135
336	F	0	0	-1	-1	136
337	F	0	0	-1	-1	137
338	F	0	0	-1	-1	138
339	F	0	0	-1	-1	139
340	F	0	0	-1	-1	140
341	F	0	0	-1	-1	141
342	F	0	0	-1	-1	142
343	F	0	0	-1	-1	143
344	F	0	0	-1	-1	144
345	F	0	0	-1	-1	145
346	F	0	0	-1	-1	146
347	F	0	0	-1	-1	147
348	F	0	0	-1	-1	148
349	F	0	0	-1	-1	149
350	F	0	0	-1	-1	150
351	F	0	0	-1	-1	151
352	F	0	0	-1	-1	152
353	F	0	0	-1	-1	153
354	F	0	0	-1	-1	154
355	F	0	0	-1	-1	155
356	F	0	0	-1	-1	156
357	F	0	0	-1	-1	157
358	F	0	0	-1	-1	158
359	F	0	0	-1	-1	159
360	F	0	0	-1	-1	160
361	F	0	0	-1	-1	161
362	F	0	0	-1	-1	162
363	F	0	0	-1	-1	163
364	F	1	0	-1	-1	0
365	F	1	0	-1	-1	1
366	F	1	0	-1	-1	2
367	F	1	0	-1	-1	3
368	F	1	0	-1	-1	4
369	F	1	0	-1	-1	5
370	F	1	0	-1	-1	6
371	F	1	0	-1	-1	7
372	F	1	0	-1	-1	8
373	F	1	0	-1	-1	9
374	F	1	0	-1	-1	10
375	F	1	0	-1	-1	11
376	F	1	0	-1	-1	12
377	F	1	0	-1	-1	13
378	F	1	0	-1	-1	14
379	F	1	0	-1	-1	15
380	F	1	0	-1	-1	16
381	F	1	0	-1	-1	17
382	F	1	0	-1	-1	18
383	F	1	0	-1	-1	19
384	F	1	0	-1	-1	20
385	F	1	0	-1	-1	21
386	F	1	0	-1	-1	22
387	F	1	0	-1	-1	23
388	F	1	0	-1	-1	24
389	F	1	0	-1	-1	25
390	F	1	0	-1	-1	26
391	F	1	0	-1	-1	27
392	F	1	0	-1	-1	28
393	F	1	0	-1	-1	29
394	F	1	0	-1	-1	30
395	F	1	0	-1	-1	31
396	F	1	0	-1	-1	32
397	F	1	0	-1	-1	33
398	F	1	0	-1	-1	34
399	F	1	0	-1	-1	35
400	F	1	0	-1	-1	36
401	F	1	0	-1	-1	37
402	F	1	0	-1	-1	38
403	F	1	0	-1	-1	39
404	F	1	0	-1	-1	40
405	F	1	0	-1	-1	41
406	F	1	0	-1	-1	42
407	F	1	0	-1	-1	43
408	F	1	0	-1	-1	44
409	F	1	0	-1	-1	45
410	F	1	0	-1	-1	46
411	F	1	0	-1	-1	47
412	F	1	0	-1	-1	48
413	F	1	0	-1	-1	49
414	F	1	0	-1	-1	50
415	F	1	0	-1	-1	51
416	F	1	0	-1	-1	52
417	F	1	0	-1	-1	53
418	F	1	0	-1	-1	54
419	F	1	0	-1	-1	55
420	F	1	0	-1	-1	56
421	F	1	0	-1	-1	57
422	F	1	0	-1	-1	58
423	F	1	0	-1	-1	59
424	F	1	0	-1	-1	60
425	F	1	0	-1	-1	61
426	F	1	0	-1	-1	62
427	F	1	0	-1	-1	63
428	F	1	0	-1	-1	64
429	F	1	0	-1	-1	65
430	F	1	0	-1	-1	66
431	F	1	0	-1	-1	67
432	F	1	0	-1	-1	68
433	F	1	0	-1	-1	69
434	F	1	0	-1	-1	70
435	F	1	0	-1	-1	71
436	F	1	0	-1	-1	72
437	F	1	0	-1	-1	73
438	F	1	0	-1	-1	74
439	F	1	0	-1	-1	75
440	F	1	0	-1	-1	76
441	F	1	0	-1	-1	77
442	F	1	0	-1	-1	78
443	F	1	0	-1	-1	79
444	F	1	0	-1	-1	80
445	F	1	0	-1	-1	81
446	F	1	0	-1	-1	82
447	F	1	0	-1	-1	83
448	F	1	0	-1	-1	84
449	F	1	0	-1	-1	85
450	F	1	0	-1	-1	86
451	F	1	0	-1	-1	87
452	F	1	0	-1	-1	88
453	F	1	0	-1	-1	89
454	F	1	0	-1	-1	90
455	F	1	0	-1	-1	91
456	F	1	0	-1	-1	92
457	F	1	0	-1	-1	93
458	F	1	0	-1	-1	94
459	F	1	0	-1	-1	95
460	F	1	0	-1	-1	96
461	F	1	0	-1	-1	97
462	F	1	0	-1	-1	98
463	F	1	0	-1	-1	99
464	F	1	0	-1	-1	100
465	F	1	0	-1	-1	101
466	F	1	0	-1	-1	102
467	F	1	0	-1	-1	103
468	F	1	0	-1	-1	104
469	F	1	0	-1	-1	105
470	F	1	0	-1	-1	106
471	F	1	0	-1	-1	107
472	F	1	0	-1	-1	108
473	F	1	0	-1	-1	109
474	F	1	0	-1	-1	110
475	F	1	0	-1	-1	111
476	F	1	0	-1	-1	112
477	F	1	0	-1	-1	113
478	F	1	0	-1	-1	114
479	F	1	0	-1	-1	115
480	F	1	0	-1	-1	116
481	F	1	0	-1	-1	117
482	F	1	0	-1	-1	118
483	F	1	0	-1	-1	119
484	F	1	0	-1	-1	120
485	F	1	0	-1	-1	121
486	F	1	0	-1	-1	122
487	F	1	0	-1	-1	123
488	F	1	0	-1	-1	124
489	F	1	0	-1	-1	125
490	F	1	0	-1	-1	126
491	F	1	0	-1	-1	127
492	F	1	0	-1	-1	128
493	F	1	0	-1	-1	129
494	F	1	0	-1	-1	130
495	F	1	0	-1	-1	131
496	F	1	0	-1	-1	132
497	F	1	0	-1	-1	133
498	F	1	0	-1	-1	134
499	F	1	0	-1	-1	135
500	F	1	0	-1	-1	136
501	F	1	0	-1	-1	137
502	F	1	0	-1	-1	138
503	F	1	0	-1	-1	139
504	F	1	0	-1	-1	140
505	F	1	0	-1	-1	141
506	F	1	0	-1	-1	142
507	F	1	0	-1	-1	143
508	F	1	0	-1	-1	144
509	F	1	0	-1	-1	145
510	F	1	0	-1	-1	146
511	F	1	0	-1	-1	147
512	F	1	0	-1	-1	148
513	F	1	0	-1	-1	149
514	F	1	0	-1	-1	150
515	F	1	0	-1	-1	151
516	F	1	0	-1	-1	152
517	F	1	0	-1	-1	153
518	F	1	0	-1	-1	154
519	F	1	0	-1	-1	155
520	F	1	0	-1	-1	156
521	F	1	0	-1	-1	157
522	F	1	0	-1	-1	158
523	F	1	0	-1	-1	159
524	F	1	0	-1	-1	160
525	F	1	0	-1	-1	161
526	F	1	0	-1	-1	162
527	F	1	0	-1	-1	163
528	F	2	0	-1	-1	0
529	F	2	0	-1	-1	1
530	F	2	0	-1	-1	2
531	F	2	0	-1	-1	3
532	F	2	0	-1	-1	4
533	F	2	0	-1	-1	5
534	F	2	0	-1	-1	6
535	F	2	0	-1	-1	7
536	F	2	0	-1	-1	8
537	F	2	0	-1	-1	9
538	F	2	0	-1	-1	10
539	F	2	0	-1	-1	11
540	F	2	0	-1	-1	12
541	F	2	0	-1	-1	13
542	F	2	0	-1	-1	14
543	F	2	0	-1	-1	15
544	F	2	0	-1	-1	16
545	F	2	0	-1	-1	17
546	F	2	0	-1	-1	18
547	F	2	0	-1	-1	19
548	F	2	0	-1	-1	20
549	F	2	0	-1	-1	21
550	F	2	0	-1	-1	22
551	F	2	0	-1	-1	23
552	F	2	0	-1	-1	24
553	F	2	0	-1	-1	25
554	F	2	0	-1	-1	26
555	F	2	0	-1	-1	27
556	F	2	0	-1	-1	28
557	F	2	0	-1	-1	29
558	F	2	0	-1	-1	30
559	F	2	0	-1	-1	31
560	F	2	0	-1	-1	32
561	F	2	0	-1	-1	33
562	F	2	0	-1	-1	34
563	F	2	0	-1	-1	35
564	F	2	0	-1	-1	36
565	F	2	0	-1	-1	37
566	F	2	0	-1	-1	38
567	F	2	0	-1	-1	39
568	F	2	0	-1	-1	40
569	F	2	0	-1	-1	41
570	F	2	0	-1	-1	42
571	F	2	0	-1	-1	43
572	F	2	0	-1	-1	44
573	F	2	0	-1	-1	45
574	F	2	0	-1	-1	46
575	F	2	0	-1	-1	47
576	F	2	0	-1	-1	48
577	F	2	0	-1	-1	49
578	F	2	0	-1	-1	50
579	F	2	0	-1	-1	51
580	F	2	0	-1	-1	52
581	F	2	0	-1	-1	53
582	F	2	0	-1	-1	54
583	F	2	0	-1	-1	55
584	F	2	0	-1	-1	56
585	F	2	0	-1	-1	57
586	F	2	0	-1	-1	58
587	F	2	0	-1	-1	59
588	F	2	0	-1	-1	60
589	F	2	0	-1	-1	61
590	F	2	0	-1	-1	62
591	F	2	0	-1	-1	63
592	F	2	0	-1	-1	64
593	F	2	0	-1	-1	65
594	F	2	0	-1	-1	66
595	F	2	0	-1	-1	67
596	F	2	0	-1	-1	68
597	F	2	0	-1	-1	69
598	F	2	0	-1	-1	70
599	F	2	0	-1	-1	71
600	F	2	0	-1	-1	72
601	F	2	0	-1	-1	73
602	F	2	0	-1	-1	74
603	F	2	0	-1	-1	75
604	F	2	0	-1	-1	76
605	F	2	0	-1	-1	77
606	F	2	0	-1	-1	78
607	F	2	0	-1	-1	79
608	F	2	0	-1	-1	80
609	F	2	0	-1	-1	81
610	F	2	0	-1	-1	82
611	F	2	0	-1	-1	83
612	F	2	0	-1	-1	84
613	F	2	0	-1	-1	85
614	F	2	0	-1	-1	86
615	F	2	0	-1	-1	87
616	F	2	0	-1	-1	88
617	F	2	0	-1	-1	89
618	F	2	0	-1	-1	90
619	F	2	0	-1	-1	91
620	F	2	0	-1	-1	92
621	F	2	0	-1	-1	93
622	F	2	0	-1	-1	94
623	F	2	0	-1	-1	95
624	F	2	0	-1	-1	96
625	F	2	0	-1	-1	97
626	F	2	0	-1	-1	98
627	F	2	0	-1	-1	99
628	F	2	0	-1	-1	100
629	F	2	0	-1	-1	101
630	F	2	0	-1	-1	102
631	F	2	0	-1	-1	103
632	F	2	0	-1	-1	104
633	F	2	0	-1	-1	105
634	F	2	0	-1	-1	106
635	F	2	0	-1	-1	107
636	F	2	0	-1	-1	108
637	F	2	0	-1	-1	109
638	F	2	0	-1	-1	110
639	F	2	0	-1	-1	111
640	F	2	0	-1	-1	112
641	F	2	0	-1	-1	113
642	F	2	0	-1	-1	114
643	F	2	0	-1	-1	115
644	F	2	0	-1	-1	116
645	F	2	0	-1	-1	117
646	F	2	0	-1	-1	118
647	F	2	0	-1	-1	119
648	F	2	0	-1	-1	120
649	F	2	0	-1	-1	121
650	F	2	0	-1	-1	122
651	F	2	0	-1	-1	123
652	F	2	0	-1	-1	124
653	F	2	0	-1	-1	125
654	F	2	0	-1	-1	126
655	F	2	0	-1	-1	127
656	F	2	0	-1	-1	128
657	F	2	0	-1	-1	129
658	F	2	0	-1	-1	130
659	F	2	0	-1	-1	131
660	F	2	0	-1	-1	132
661	F	2	0	-1	-1	133
662	F	2	0	-1	-1	134
663	F	2	0	-1	-1	135
664	F	2	0	-1	-1	136
665	F	2	0	-1	-1	137
666	F	2	0	-1	-1	138
667	F	2	0	-1	-1	139
668	F	2	0	-1	-1	140
669	F	2	0	-1	-1	141
670	F	2	0	-1	-1	142
671	F	2	0	-1	-1	143
672	F	2	0	-1	-1	144
673	F	2	0	-1	-1	145
674	F	2	0	-1	-1	146
675	F	2	0	-1	-1	147
676	F	2	0	-1	-1	148
677	F	2	0	-1	-1	149
678	F	2	0	-1	-1	150
679	F	2	0	-1	-1	151
680	F	2	0	-1	-1	152
681	F	2	0	-1	-1	153
682	F	2	0	-1	-1	154
683	F	2	0	-1	-1	155
684	F	2	0	-1	-1	156
685	F	2	0	-1	-1	157
686	F	2	0	-1	-1	158
687	F	2	0	-1	-1	159
688	F	2	0	-1	-1	160
689	F	2	0	-1	-1	161
690	F	2	0	-1	-1	162
691	F	2	0	-1	-1	163
692	F	3	0	-1	-1	0
693	F	3	0	-1	-1	1
694	F	3	0	-1	-1	2
695	F	3	0	-1	-1	3
696	F	3	0	-1	-1	4
697	F	3	0	-1	-1	5
698	F	3	0	-1	-1	6
699	F	3	0	-1	-1	7
700	F	3	0	-1	-1	8
701	F	3	0	-1	-1	9
702	F	3	0	-1	-1	10
703	F	3	0	-1	-1	11
704	F	3	0	-1	-1	12
705	F	3	0	-1	-1	13
706	F	3	0	-1	-1	14
707	F	3	0	-1	-1	15
708	F	3	0	-1	-1	16
709	F	3	0	-1	-1	17
710	F	3	0	-1	-1	18
711	F	3	0	-1	-1	19
712	F	3	0	-1	-1	20
713	F	3	0	-1	-1	21
714	F	3	0	-1	-1	22
715	F	3	0	-1	-1	23
716	F	3	0	-1	-1	24
717	F	3	0	-1	-1	25
718	F	3	0	-1	-1	26
719	F	3	0	-1	-1	27
720	F	3	0	-1	-1	28
721	F	3	0	-1	-1	29
722	F	3	0	-1	-1	30
723	F	3	0	-1	-1	31
724	F	3	0	-1	-1	32
725	F	3	0	-1	-1	33
726	F	3	0	-1	-1	34
727	F	3	0	-1	-1	35
728	F	3	0	-1	-1	36
729	F	3	0	-1	-1	37
730	F	3	0	-1	-1	38
731	F	3	0	-1	-1	39
732	F	3	0	-1	-1	40
733	F	3	0	-1	-1	41
734	F	3	0	-1	-1	42
735	F	3	0	-1	-1	43
736	F	3	0	-1	-1	44
737	F	3	0	-1	-1	45
738	F	3	0	-1	-1	46
739	F	3	0	-1	-1	47
740	F	3	0	-1	-1	48
741	F	3	0	-1	-1	49
742	F	3	0	-1	-1	50
743	F	3	0	-1	-1	51
744	F	3	0	-1	-1	52
745	F	3	0	-1	-1	53
746	F	3	0	-1	-1	54
747	F	3	0	-1	-1	55
748	F	3	0	-1	-1	56
749	F	3	0	-1	-1	57
750	F	3	0	-1	-1	58
751	F	3	0	-1	-1	59
752	F	3	0	-1	-1	60
753	F	3	0	-1	-1	61
754	F	3	0	-1	-1	62
755	F	3	0	-1	-1	63
756	F	3	0	-1	-1	64
757	F	3	0	-1	-1	65
758	F	3	0	-1	-1	66
759	F	3	0	-1	-1	67
760	F	3	0	-1	-1	68
761	F	3	0	-1	-1	69
762	F	3	0	-1	-1	70
763	F	3	0	-1	-1	71
764	F	3	0	-1	-1	72
765	F	3	0	-1	-1	73
766	F	3	0	-1	-1	74
767	F	3	0	-1	-1	75
768	F	3	0	-1	-1	76
769	F	3	0	-1	-1	77
770	F	3	0	-1	-1	78
771	F	3	0	-1	-1	79
772	F	3	0	-1	-1	80
773	F	3	0	-1	-1	81
774	F	3	0	-1	-1	82
775	F	3	0	-1	-1	83
776	F	3	0	-1	-1	84
777	F	3	0	-1	-1	85
778	F	3	0	-1	-1	86
779	F	3	0	-1	-1	87
780	F	3	0	-1	-1	88
781	F	3	0	-1	-1	89
782	F	3	0	-1	-1	90
783	F	3	0	-1	-1	91
784	F	3	0	-1	-1	92
785	F	3	0	-1	-1	93
786	F	3	0	-1	-1	94
787	F	3	0	-1	-1	95
788	F	3	0	-1	-1	96
789	F	3	0	-1	-1	97
790	F	3	0	-1	-1	98
791	F	3	0	-1	-1	99
792	F	3	0	-1	-1	100
793	F	3	0	-1	-1	101
794	F	3	0	-1	-1	102
795	F	3	0	-1	-1	103
796	F	3	0	-1	-1	104
797	F	3	0	-1	-1	105
798	F	3	0	-1	-1	106
799	F	3	0	-1	-1	107
800	F	3	0	-1	-1	108
801	F	3	0	-1	-1	109
802	F	3	0	-1	-1	110
803	F	3	0	-1	-1	111
804	F	3	0	-1	-1	112
805	F	3	0	-1	-1	113
806	F	3	0	-1	-1	114
807	F	3	0	-1	-1	115
808	F	3	0	-1	-1	116
809	F	3	0	-1	-1	117
810	F	3	0	-1	-1	118
811	F	3	0	-1	-1	119
812	F	3	0	-1	-1	120
813	F	3	0	-1	-1	121
814	F	3	0	-1	-1	122
815	F	3	0	-1	-1	123
816	F	3	0	-1	-1	124
817	F	3	0	-1	-1	125
818	F	3	0	-1	-1	126
819	F	3	0	-1	-1	127
820	F	3	0	-1	-1	128
821	F	3	0	-1	-1	129
822	F	3	0	-1	-1	130
823	F	3	0	-1	-1	131
824	F	3	0	-1	-1	132
825	F	3	0	-1	-1	133
826	F	3	0	-1	-1	134
827	F	3	0	-1	-1	135
828	F	3	0	-1	-1	136
829	F	3	0	-1	-1	137
830	F	3	0	-1	-1	138
831	F	3	0	-1	-1	139
832	F	3	0	-1	-1	140
833	F	3	0	-1	-1	141
834	F	3	0	-1	-1	142
835	F	3	0	-1	-1	143
836	F	3	0	-1	-1	144
837	F	3	0	-1	-1	145
838	F	3	0	-1	-1	146
839	F	3	0	-1	-1	147
840	F	3	0	-1	-1	148
841	F	3	0	-1	-1	149
842	F	3	0	-1	-1	150
843	F	3	0	-1	-1	151
844	F	3	0	-1	-1	152
845	F	3	0	-1	-1	153
846	F	3	0	-1	-1	154
847	F	3	0	-1	-1	155
848	F	3	0	-1	-1	156
849	F	3	0	-1	-1	157
850	F	3	0	-1	-1	158
851	F	3	0	-1	-1	159
852	F	3	0	-1	-1	160
853	F	3	0	-1	-1	161
854	F	3	0	-1	-1	162
855	F	3	0	-1	-1	163
856	I	0	1	0	0	-1
857	I	0	1	0	1	-1
858	I	0	1	0	2	-1
859	I	0	1	0	3	-1
860	I	0	1	0	4	-1
861	I	0	1	0	5	-1
862	I	0	1	0	6	-1
863	I	0	1	0	7	-1
864	I	0	1	0	8	-1
865	I	0	1	0	9	-1
866	I	0	1	0	10	-1
867	I	0	1	0	11	-1
868	I	0	1	0	12	-1
869	I	0	1	0	13	-1
870	I	0	1	0	14	-1
871	I	0	1	0	15	-1
872	I	0	1	0	16	-1
873	I	0	1	0	17	-1
874	I	0	1	0	18	-1
875	I	0	1	0	19	-1
876	I	0	1	0	20	-1
877	I	0	1	0	21	-1
878	I	0	1	0	22	-1
879	I	0	1	0	23	-1
880	I	0	1	0	24	-1
881	I	0	1	0	25	-1
882	I	0	1	0	26	-1
883	I	0	1	0	27	-1
884	I	0	1	0	28	-1
885	I	0	1	1	0	-1
886	I	0	1	1	1	-1
887	I	0	1	1	2	-1
888	I	0	1	1	3	-1
889	I	0	1	1	4	-1
890	I	0	1	1	5	-1
891	I	0	1	1	6	-1
892	I	0	1	1	7	-1
893	I	0	1	1	8	-1
894	I	0	1	1	9	-1
895	I	0	1	1	10	-1
896	I	0	1	1	11	-1
897	I	0	1	1	12	-1
898	I	0	1	1	13	-1
899	I	0	1	1	14	-1
900	I	0	1	1	15	-1
901	I	0	1	1	16	-1
902	I	0	1	1	17	-1
903	I	0	1	1	18	-1
904	I	0	1	1	19	-1
905	I	0	1	1	20	-1
906	I	0	1	1	21	-1
907	I	0	1	1	22	-1
908	I	0	1	1	23	-1
909	I	0	1	1	24	-1
910	I	0	1	1	25	-1
911	I	0	1	1	26	-1
912	I	0	1	1	27	-1
913	I	0	1	1	28	-1
914	I	0	1	2	0	-1
915	I	0	1	2	1	-1
916	I	0	1	2	2	-1
917	I	0	1	2	3	-1
918	I	0	1	2	4	-1
919	I	0	1	2	5	-1
920	I	0	1	2	6	-1
921	I	0	1	2	7	-1
922	I	0	1	2	8	-1
923	I	0	1	2	9	-1
924	I	0	1	2	10	-1
925	I	0	1	2	11	-1
926	I	0	1	2	12	-1
927	I	0	1	2	13	-1
928	I	0	1	2	14	-1
929	I	0	1	2	15	-1
930	I	0	1	2	16	-1
931	I	0	1	2	17	-1
932	I	0	1	2	18	-1
933	I	0	1	2	19	-1
934	I	0	1	2	20	-1
935	I	0	1	2	21	-1
936	I	0	1	2	22	-1
937	I	0	1	2	23	-1
938	I	0	1	2	24	-1
939	I	0	1	2	25	-1
940	I	0	1	2	26	-1
941	I	0	1	2	27	-1
942	I	0	1	2	28	-1
943	I	0	1	3	0	-1
944	I	0	1	3	1	-1
945	I	0	1	3	2	-1
946	I	0	1	3	3	-1
947	I	0	1	3	4	-1
948	I	0	1	3	5	-1
949	I	0	1	3	6	-1
950	I	0	1	3	7	-1
951	I	0	1	3	8	-1
952	I	0	1	3	9	-1
953	I	0	1	3	10	-1
954	I	0	1	3	11	-1
955	I	0	1	3	12	-1
956	I	0	1	3	13	-1
957	I	0	1	3	14	-1
958	I	0	1	3	15	-1
959	I	0	1	3	16	-1
960	I	0	1	3	17	-1
961	I	0	1	3	18	-1
962	I	0	1	3	19	-1
963	I	0	1	3	20	-1
964	I	0	1	3	21	-1
965	I	0	1	3	22	-1
966	I	0	1	3	23	-1
967	I	0	1	3	24	-1
968	I	0	1	3	25	-1
969	I	0	1	3	26	-1
970	I	0	1	3	27	-1
971	I	0	1	3	28	-1
972	I	0	1	4	0	-1
973	I	0	1	4	1	-1
974	I	0	1	4	2	-1
975	I	0	1	4	3	-1
976	I	0	1	4	4	-1
977	I	0	1	4	5	-1
978	I	0	1	4	6	-1
979	I	0	1	4	7	-1
980	I	0	1	4	8	-1
981	I	0	1	4	9	-1
982	I	0	1	4	10	-1
983	I	0	1	4	11	-1
984	I	0	1	4	12	-1
985	I	0	1	4	13	-1
986	I	0	1	4	14	-1
987	I	0	1	4	15	-1
988	I	0	1	4	16	-1
989	I	0	1	4	17	-1
990	I	0	1	4	18	-1
991	I	0	1	4	19	-1
992	I	0	1	4	20	-1
993	I	0	1	4	21	-1
994	I	0	1	4	22	-1
995	I	0	1	4	23	-1
996	I	0	1	4	24	-1
997	I	0	1	4	25	-1
998	I	0	1	4	26	-1
999	I	0	1	4	27	-1
1000	I	0	1	4	28	-1
1001	I	0	1	5	0	-1
1002	I	0	1	5	1	-1
1003	I	0	1	5	2	-1
1004	I	0	1	5	3	-1
1005	I	0	1	5	4	-1
1006	I	0	1	5	5	-1
1007	I	0	1	5	6	-1
1008	I	0	1	5	7	-1
1009	I	0	1	5	8	-1
1010	I	0	1	5	9	-1
1011	I	0	1	5	10	-1
1012	I	0	1	5	11	-1
1013	I	0	1	5	12	-1
1014	I	0	1	5	13	-1
1015	I	0	1	5	14	-1
1016	I	0	1	5	15	-1
1017	I	0	1	5	16	-1
1018	I	0	1	5	17	-1
1019	I	0	1	5	18	-1
1020	I	0	1	5	19	-1
1021	I	0	1	5	20	-1
1022	I	0	1	5	21	-1
1023	I	0	1	5	22	-1
1024	I	0	1	5	23	-1
1025	I	0	1	5	24	-1
1026	I	0	1	5	25	-1
1027	I	0	1	5	26	-1
1028	I	0	1	5	27	-1
1029	I	0	1	5	28	-1
1030	I	0	1	6	0	-1
1031	I	0	1	6	1	-1
1032	I	0	1	6	2	-1
1033	I	0	1	6	3	-1
1034	I	0	1	6	4	-1
1035	I	0	1	6	5	-1
1036	I	0	1	6	6	-1
1037	I	0	1	6	7	-1
1038	I	0	1	6	8	-1
1039	I	0	1	6	9	-1
1040	I	0	1	6	10	-1
1041	I	0	1	6	11	-1
1042	I	0	1	6	12	-1
1043	I	0	1	6	13	-1
1044	I	0	1	6	14	-1
1045	I	0	1	6	15	-1
1046	I	0	1	6	16	-1
1047	I	0	1	6	17	-1
1048	I	0	1	6	18	-1
1049	I	0	1	6	19	-1
1050	I	0	1	6	20	-1
1051	I	0	1	6	21	-1
1052	I	0	1	6	22	-1
1053	I	0	1	6	23	-1
1054	I	0	1	6	24	-1
1055	I	0	1	6	25	-1
1056	I	0	1	6	26	-1
1057	I	0	1	6	27	-1
1058	I	0	1	6	28	-1
1059	I	0	1	7	0	-1
1060	I	0	1	7	1	-1
1061	I	0	1	7	2	-1
1062	I	0	1	7	3	-1
1063	I	0	1	7	4	-1
1064	I	0	1	7	5	-1
1065	I	0	1	7	6	-1
1066	I	0	1	7	7	-1
1067	I	0	1	7	8	-1
1068	I	0	1	7	9	-1
1069	I	0	1	7	10	-1
1070	I	0	1	7	11	-1
1071	I	0	1	7	12	-1
1072	I	0	1	7	13	-1
1073	I	0	1	7	14	-1
1074	I	0	1	7	15	-1
1075	I	0	1	7	16	-1
1076	I	0	1	7	17	-1
1077	I	0	1	7	18	-1
1078	I	0	1	7	19	-1
1079	I	0	1	7	20	-1
1080	I	0	1	7	21	-1
1081	I	0	1	7	22	-1
1082	I	0	1	7	23	-1
1083	I	0	1	7	24	-1
1084	I	0	1	7	25	-1
1085	I	0	1	7	26	-1
1086	I	0	1	7	27	-1
1087	I	0	1	7	28	-1
1088	I	0	1	8	0	-1
1089	I	0	1	8	1	-1
1090	I	0	1	8	2	-1
1091	I	0	1	8	3	-1
1092	I	0	1	8	4	-1
1093	I	0	1	8	5	-1
1094	I	0	1	8	6	-1
1095	I	0	1	8	7	-1
1096	I	0	1	8	8	-1
1097	I	0	1	8	9	-1
1098	I	0	1	8	10	-1
1099	I	0	1	8	11	-1
1100	I	0	1	8	12	-1
1101	I	0	1	8	13	-1
1102	I	0	1	8	14	-1
1103	I	0	1	8	15	-1
1104	I	0	1	8	16	-1
1105	I	0	1	8	17	-1
1106	I	0	1	8	18	-1
1107	I	0	1	8	19	-1
1108	I	0	1	8	20	-1
1109	I	0	1	8	21	-1
1110	I	0	1	8	22	-1
1111	I	0	1	8	23	-1
1112	I	0	1	8	24	-1
1113	I	0	1	8	25	-1
1114	I	0	1	8	26	-1
1115	I	0	1	8	27	-1
1116	I	0	1	8	28	-1
1117	I	0	1	9	0	-1
1118	I	0	1	9	1	-1
1119	I	0	1	9	2	-1
1120	I	0	1	9	3	-1
1121	I	0	1	9	4	-1
1122	I	0	1	9	5	-1
1123	I	0	1	9	6	-1
1124	I	0	1	9	7	-1
1125	I	0	1	9	8	-1
1126	I	0	1	9	9	-1
1127	I	0	1	9	10	-1
1128	I	0	1	9	11	-1
1129	I	0	1	9	12	-1
1130	I	0	1	9	13	-1
1131	I	0	1	9	14	-1
1132	I	0	1	9	15	-1
1133	I	0	1	9	16	-1
1134	I	0	1	9	17	-1
1135	I	0	1	9	18	-1
1136	I	0	1	9	19	-1
1137	I	0	1	9	20	-1
1138	I	0	1	9	21	-1
1139	I	0	1	9	22	-1
1140	I	0	1	9	23	-1
1141	I	0	1	9	24	-1
1142	I	0	1	9	25	-1
1143	I	0	1	9	26	-1
1144	I	0	1	9	27	-1
1145	I	0	1	9	28	-1
1146	I	0	1	10	0	-1
1147	I	0	1	10	1	-1
1148	I	0	1	10	2	-1
1149	I	0	1	10	3	-1
1150	I	0	1	10	4	-1
1151	I	0	1	10	5	-1
1152	I	0	1	10	6	-1
1153	I	0	1	10	7	-1
1154	I	0	1	10	8	-1
1155	I	0	1	10	9	-1
1156	I	0	1	10	10	-1
1157	I	0	1	10	11	-1
1158	I	0	1	10	12	-1
1159	I	0	1	10	13	-1
1160	I	0	1	10	14	-1
1161	I	0	1	10	15	-1
1162	I	0	1	10	16	-1
1163	I	0	1	10	17	-1
1164	I	0	1	10	18	-1
1165	I	0	1	10	19	-1
1166	I	0	1	10	20	-1
1167	I	0	1	10	21	-1
1168	I	0	1	10	22	-1
1169	I	0	1	10	23	-1
1170	I	0	1	10	24	-1
1171	I	0	1	10	25	-1
1172	I	0	1	10	26	-1
1173	I	0	1	10	27	-1
1174	I	0	1	10	28	-1
1175	I	0	1	11	0	-1
1176	I	0	1	11	1	-1
1177	I	0	1	11	2	-1
1178	I	0	1	11	3	-1
1179	I	0	1	11	4	-1
1180	I	0	1	11	5	-1
1181	I	0	1	11	6	-1
1182	I	0	1	11	7	-1
1183	I	0	1	11	8	-1
1184	I	0	1	11	9	-1
1185	I	0	1	11	10	-1
1186	I	0	1	11	11	-1
1187	I	0	1	11	12	-1
1188	I	0	1	11	13	-1
1189	I	0	1	11	14	-1
1190	I	0	1	11	15	-1
1191	I	0	1	11	16	-1
1192	I	0	1	11	17	-1
1193	I	0	1	11	18	-1
1194	I	0	1	11	19	-1
1195	I	0	1	11	20	-1
1196	I	0	1	11	21	-1
1197	I	0	1	11	22	-1
1198	I	0	1	11	23	-1
1199	I	0	1	11	24	-1
1200	I	0	1	11	25	-1
1201	I	0	1	11	26	-1
1202	I	0	1	11	27	-1
1203	I	0	1	11	28	-1
1204	I	0	1	12	0	-1
1205	I	0	1	12	1	-1
1206	I	0	1	12	2	-1
1207	I	0	1	12	3	-1
1208	I	0	1	12	4	-1
1209	I	0	1	12	5	-1
1210	I	0	1	12	6	-1
1211	I	0	1	12	7	-1
1212	I	0	1	12	8	-1
1213	I	0	1	12	9	-1
1214	I	0	1	12	10	-1
1215	I	0	1	12	11	-1
1216	I	0	1	12	12	-1
1217	I	0	1	12	13	-1
1218	I	0	1	12	14	-1
1219	I	0	1	12	15	-1
1220	I	0	1	12	16	-1
1221	I	0	1	12	17	-1
1222	I	0	1	12	18	-1
1223	I	0	1	12	19	-1
1224	I	0	1	12	20	-1
1225	I	0	1	12	21	-1
1226	I	0	1	12	22	-1
1227	I	0	1	12	23	-1
1228	I	0	1	12	24	-1
1229	I	0	1	12	25	-1
1230	I	0	1	12	26	-1
1231	I	0	1	12	27	-1
1232	I	0	1	12	28	-1
1233	I	0	1	13	0	-1
1234	I	0	1	13	1	-1
1235	I	0	1	13	2	-1
1236	I	0	1	13	3	-1
1237	I	0	1	13	4	-1
1238	I	0	1	13	5	-1
1239	I	0	1	13	6	-1
1240	I	0	1	13	7	-1
1241	I	0	1	13	8	-1
1242	I	0	1	13	9	-1
1243	I	0	1	13	10	-1
1244	I	0	1	13	11	-1
1245	I	0	1	13	12	-1
1246	I	0	1	13	13	-1
1247	I	0	1	13	14	-1
1248	I	0	1	13	15	-1
1249	I	0	1	13	16	-1
1250	I	0	1	13	17	-1
1251	I	0	1	13	18	-1
1252	I	0	1	13	19	-1
1253	I	0	1	13	20	-1
1254	I	0	1	13	21	-1
1255	I	0	1	13	22	-1
1256	I	0	1	13	23	-1
1257	I	0	1	13	24	-1
1258	I	0	1	13	25	-1
1259	I	0	1	13	26	-1
1260	I	0	1	13	27	-1
1261	I	0	1	13	28	-1
1262	I	0	1	14	0	-1
1263	I	0	1	14	1	-1
1264	I	0	1	14	2	-1
1265	I	0	1	14	3	-1
1266	I	0	1	14	4	-1
1267	I	0	1	14	5	-1
1268	I	0	1	14	6	-1
1269	I	0	1	14	7	-1
1270	I	0	1	14	8	-1
1271	I	0	1	14	9	-1
1272	I	0	1	14	10	-1
1273	I	0	1	14	11	-1
1274	I	0	1	14	12	-1
1275	I	0	1	14	13	-1
1276	I	0	1	14	14	-1
1277	I	0	1	14	15	-1
1278	I	0	1	14	16	-1
1279	I	0	1	14	17	-1
1280	I	0	1	14	18	-1
1281	I	0	1	14	19	-1
1282	I	0	1	14	20	-1
1283	I	0	1	14	21	-1
1284	I	0	1	14	22	-1
1285	I	0	1	14	23	-1
1286	I	0	1	14	24	-1
1287	I	0	1	14	25	-1
1288	I	0	1	14	26	-1
1289	I	0	1	14	27	-1
1290	I	0	1	14	28	-1
1291	I	0	1	15	0	-1
1292	I	0	1	15	1	-1
1293	I	0	1	15	2	-1
1294	I	0	1	15	3	-1
1295	I	0	1	15	4	-1
1296	I	0	1	15	5	-1
1297	I	0	1	15	6	-1
1298	I	0	1	15	7	-1
1299	I	0	1	15	8	-1
1300	I	0	1	15	9	-1
1301	I	0	1	15	10	-1
1302	I	0	1	15	11	-1
1303	I	0	1	15	12	-1
1304	I	0	1	15	13	-1
1305	I	0	1	15	14	-1
1306	I	0	1	15	15	-1
1307	I	0	1	15	16	-1
1308	I	0	1	15	17	-1
1309	I	0	1	15	18	-1
1310	I	0	1	15	19	-1
1311	I	0	1	15	20	-1
1312	I	0	1	15	21	-1
1313	I	0	1	15	22	-1
1314	I	0	1	15	23	-1
1315	I	0	1	15	24	-1
1316	I	0	1	15	25	-1
1317	I	0	1	15	26	-1
1318	I	0	1	15	27	-1
1319	I	0	1	15	28	-1
1320	I	0	1	16	0	-1
1321	I	0	1	16	1	-1
1322	I	0	1	16	2	-1
1323	I	0	1	16	3	-1
1324	I	0	1	16	4	-1
1325	I	0	1	16	5	-1
1326	I	0	1	16	6	-1
1327	I	0	1	16	7	-1
1328	I	0	1	16	8	-1
1329	I	0	1	16	9	-1
1330	I	0	1	16	10	-1
1331	I	0	1	16	11	-1
1332	I	0	1	16	12	-1
1333	I	0	1	16	13	-1
1334	I	0	1	16	14	-1
1335	I	0	1	16	15	-1
1336	I	0	1	16	16	-1
1337	I	0	1	16	17	-1
1338	I	0	1	16	18	-1
1339	I	0	1	16	19	-1
1340	I	0	1	16	20	-1
1341	I	0	1	16	21	-1
1342	I	0	1	16	22	-1
1343	I	0	1	16	23	-1
1344	I	0	1	16	24	-1
1345	I	0	1	16	25	-1
1346	I	0	1	16	26	-1
1347	I	0	1	16	27	-1
1348	I	0	1	16	28	-1
1349	I	0	1	17	0	-1
1350	I	0	1	17	1	-1
1351	I	0	1	17	2	-1
1352	I	0	1	17	3	-1
1353	I	0	1	17	4	-1
1354	I	0	1	17	5	-1
1355	I	0	1	17	6	-1
1356	I	0	1	17	7	-1
1357	I	0	1	17	8	-1
1358	I	0	1	17	9	-1
1359	I	0	1	17	10	-1
1360	I	0	1	17	11	-1
1361	I	0	1	17	12	-1
1362	I	0	1	17	13	-1
1363	I	0	1	17	14	-1
1364	I	0	1	17	15	-1
1365	I	0	1	17	16	-1
1366	I	0	1	17	17	-1
1367	I	0	1	17	18	-1
1368	I	0	1	17	19	-1
1369	I	0	1	17	20	-1
1370	I	0	1	17	21	-1
1371	I	0	1	17	22	-1
1372	I	0	1	17	23	-1
1373	I	0	1	17	24	-1
1374	I	0	1	17	25	-1
1375	I	0	1	17	26	-1
1376	I	0	1	17	27	-1
1377	I	0	1	17	28	-1
1378	I	0	1	18	0	-1
1379	I	0	1	18	1	-1
1380	I	0	1	18	2	-1
1381	I	0	1	18	3	-1
1382	I	0	1	18	4	-1
1383	I	0	1	18	5	-1
1384	I	0	1	18	6	-1
1385	I	0	1	18	7	-1
1386	I	0	1	18	8	-1
1387	I	0	1	18	9	-1
1388	I	0	1	18	10	-1
1389	I	0	1	18	11	-1
1390	I	0	1	18	12	-1
1391	I	0	1	18	13	-1
1392	I	0	1	18	14	-1
1393	I	0	1	18	15	-1
1394	I	0	1	18	16	-1
1395	I	0	1	18	17	-1
1396	I	0	1	18	18	-1
1397	I	0	1	18	19	-1
1398	I	0	1	18	20	-1
1399	I	0	1	18	21	-1
1400	I	0	1	18	22	-1
1401	I	0	1	18	23	-1
1402	I	0	1	18	24	-1
1403	I	0	1	18	25	-1
1404	I	0	1	18	26	-1
1405	I	0	1	18	27	-1
1406	I	0	1	18	28	-1
1407	I	0	1	19	0	-1
1408	I	0	1	19	1	-1
1409	I	0	1	19	2	-1
1410	I	0	1	19	3	-1
1411	I	0	1	19	4	-1
1412	I	0	1	19	5	-1
1413	I	0	1	19	6	-1
1414	I	0	1	19	7	-1
1415	I	0	1	19	8	-1
1416	I	0	1	19	9	-1
1417	I	0	1	19	10	-1
1418	I	0	1	19	11	-1
1419	I	0	1	19	12	-1
1420	I	0	1	19	13	-1
1421	I	0	1	19	14	-1
1422	I	0	1	19	15	-1
1423	I	0	1	19	16	-1
1424	I	0	1	19	17	-1
1425	I	0	1	19	18	-1
1426	I	0	1	19	19	-1
1427	I	0	1	19	20	-1
1428	I	0	1	19	21	-1
1429	I	0	1	19	22	-1
1430	I	0	1	19	23	-1
1431	I	0	1	19	24	-1
1432	I	0	1	19	25	-1
1433	I	0	1	19	26	-1
1434	I	0	1	19	27	-1
1435	I	0	1	19	28	-1
1436	I	0	1	20	0	-1
1437	I	0	1	20	1	-1
1438	I	0	1	20	2	-1
1439	I	0	1	20	3	-1
1440	I	0	1	20	4	-1
1441	I	0	1	20	5	-1
1442	I	0	1	20	6	-1
1443	I	0	1	20	7	-1
1444	I	0	1	20	8	-1
1445	I	0	1	20	9	-1
1446	I	0	1	20	10	-1
1447	I	0	1	20	11	-1
1448	I	0	1	20	12	-1
1449	I	0	1	20	13	-1
1450	I	0	1	20	14	-1
1451	I	0	1	20	15	-1
1452	I	0	1	20	16	-1
1453	I	0	1	20	17	-1
1454	I	0	1	20	18	-1
1455	I	0	1	20	19	-1
1456	I	0	1	20	20	-1
1457	I	0	1	20	21	-1
1458	I	0	1	20	22	-1
1459	I	0	1	20	23	-1
1460	I	0	1	20	24	-1
1461	I	0	1	20	25	-1
1462	I	0	1	20	26	-1
1463	I	0	1	20	27	-1
1464	I	0	1	20	28	-1
1465	I	0	1	21	0	-1
1466	I	0	1	21	1	-1
1467	I	0	1	21	2	-1
1468	I	0	1	21	3	-1
1469	I	0	1	21	4	-1
1470	I	0	1	21	5	-1
1471	I	0	1	21	6	-1
1472	I	0	1	21	7	-1
1473	I	0	1	21	8	-1
1474	I	0	1	21	9	-1
1475	I	0	1	21	10	-1
1476	I	0	1	21	11	-1
1477	I	0	1	21	12	-1
1478	I	0	1	21	13	-1
1479	I	0	1	21	14	-1
1480	I	0	1	21	15	-1
1481	I	0	1	21	16	-1
1482	I	0	1	21	17	-1
1483	I	0	1	21	18	-1
1484	I	0	1	21	19	-1
1485	I	0	1	21	20	-1
1486	I	0	1	21	21	-1
1487	I	0	1	21	22	-1
1488	I	0	1	21	23	-1
1489	I	0	1	21	24	-1
1490	I	0	1	21	25	-1
1491	I	0	1	21	26	-1
1492	I	0	1	21	27	-1
1493	I	0	1	21	28	-1
1494	I	0	1	22	0	-1
1495	I	0	1	22	1	-1
1496	I	0	1	22	2	-1
1497	I	0	1	22	3	-1
1498	I	0	1	22	4	-1
1499	I	0	1	22	5	-1
1500	I	0	1	22	6	-1
1501	I	0	1	22	7	-1
1502	I	0	1	22	8	-1
1503	I	0	1	22	9	-1
1504	I	0	1	22	10	-1
1505	I	0	1	22	11	-1
1506	I	0	1	22	12	-1
1507	I	0	1	22	13	-1
1508	I	0	1	22	14	-1
1509	I	0	1	22	15	-1
1510	I	0	1	22	16	-1
1511	I	0	1	22	17	-1
1512	I	0	1	22	18	-1
1513	I	0	1	22	19	-1
1514	I	0	1	22	20	-1
1515	I	0	1	22	21	-1
1516	I	0	1	22	22	-1
1517	I	0	1	22	23	-1
1518	I	0	1	22	24	-1
1519	I	0	1	22	25	-1
1520	I	0	1	22	26	-1
1521	I	0	1	22	27	-1
1522	I	0	1	22	28	-1
1523	I	0	1	23	0	-1
1524	I	0	1	23	1	-1
1525	I	0	1	23	2	-1
1526	I	0	1	23	3	-1
1527	I	0	1	23	4	-1
1528	I	0	1	23	5	-1
1529	I	0	1	23	6	-1
1530	I	0	1	23	7	-1
1531	I	0	1	23	8	-1
1532	I	0	1	23	9	-1
1533	I	0	1	23	10	-1
1534	I	0	1	23	11	-1
1535	I	0	1	23	12	-1
1536	I	0	1	23	13	-1
1537	I	0	1	23	14	-1
1538	I	0	1	23	15	-1
1539	I	0	1	23	16	-1
1540	I	0	1	23	17	-1
1541	I	0	1	23	18	-1
1542	I	0	1	23	19	-1
1543	I	0	1	23	20	-1
1544	I	0	1	23	21	-1
1545	I	0	1	23	22	-1
1546	I	0	1	23	23	-1
1547	I	0	1	23	24	-1
1548	I	0	1	23	25	-1
1549	I	0	1	23	26	-1
1550	I	0	1	23	27	-1
1551	I	0	1	23	28	-1
1552	I	0	1	24	0	-1
1553	I	0	1	24	1	-1
1554	I	0	1	24	2	-1
1555	I	0	1	24	3	-1
1556	I	0	1	24	4	-1
1557	I	0	1	24	5	-1
1558	I	0	1	24	6	-1
1559	I	0	1	24	7	-1
1560	I	0	1	24	8	-1
1561	I	0	1	24	9	-1
1562	I	0	1	24	10	-1
1563	I	0	1	24	11	-1
1564	I	0	1	24	12	-1
1565	I	0	1	24	13	-1
1566	I	0	1	24	14	-1
1567	I	0	1	24	15	-1
1568	I	0	1	24	16	-1
1569	I	0	1	24	17	-1
1570	I	0	1	24	18	-1
1571	I	0	1	24	19	-1
1572	I	0	1	24	20	-1
1573	I	0	1	24	21	-1
1574	I	0	1	24	22	-1
1575	I	0	1	24	23	-1
1576	I	0	1	24	24	-1
1577	I	0	1	24	25	-1
1578	I	0	1	24	26	-1
1579	I	0	1	24	27	-1
1580	I	0	1	24	28	-1
1581	I	0	1	25	0	-1
1582	I	0	1	25	1	-1
1583	I	0	1	25	2	-1
1584	I	0	1	25	3	-1
1585	I	0	1	25	4	-1
1586	I	0	1	25	5	-1
1587	I	0	1	25	6	-1
1588	I	0	1	25	7	-1
1589	I	0	1	25	8	-1
1590	I	0	1	25	9	-1
1591	I	0	1	25	10	-1
1592	I	0	1	25	11	-1
1593	I	0	1	25	12	-1
1594	I	0	1	25	13	-1
1595	I	0	1	25	14	-1
1596	I	0	1	25	15	-1
1597	I	0	1	25	16	-1
1598	I	0	1	25	17	-1
1599	I	0	1	25	18	-1
1600	I	0	1	25	19	-1
1601	I	0	1	25	20	-1
1602	I	0	1	25	21	-1
1603	I	0	1	25	22	-1
1604	I	0	1	25	23	-1
1605	I	0	1	25	24	-1
1606	I	0	1	25	25	-1
1607	I	0	1	25	26	-1
1608	I	0	1	25	27	-1
1609	I	0	1	25	28	-1
1610	I	0	1	26	0	-1
1611	I	0	1	26	1	-1
1612	I	0	1	26	2	-1
1613	I	0	1	26	3	-1
1614	I	0	1	26	4	-1
1615	I	0	1	26	5	-1
1616	I	0	1	26	6	-1
1617	I	0	1	26	7	-1
1618	I	0	1	26	8	-1
1619	I	0	1	26	9	-1
1620	I	0	1	26	10	-1
1621	I	0	1	26	11	-1
1622	I	0	1	26	12	-1
1623	I	0	1	26	13	-1
1624	I	0	1	26	14	-1
1625	I	0	1	26	15	-1
1626	I	0	1	26	16	-1
1627	I	0	1	26	17	-1
1628	I	0	1	26	18	-1
1629	I	0	1	26	19	-1
1630	I	0	1	26	20	-1
1631	I	0	1	26	21	-1
1632	I	0	1	26	22	-1
1633	I	0	1	26	23	-1
1634	I	0	1	26	24	-1
1635	I	0	1	26	25	-1
1636	I	0	1	26	26	-1
1637	I	0	1	26	27	-1
1638	I	0	1	26	28	-1
1639	F	2	1	0	0	-1
1640	F	2	1	0	1	-1
1641	F	2	1	0	2	-1
1642	F	2	1	0	3	-1
1643	F	2	1	0	4	-1
1644	F	2	1	0	5	-1
1645	F	2	1	0	6	-1
1646	F	2	1	0	7	-1
1647	F	2	1	0	8	-1
1648	F	2	1	0	9	-1
1649	F	2	1	0	10	-1
1650	F	2	1	0	11	-1
1651	F	2	1	0	12	-1
1652	F	2	1	0	13	-1
1653	F	2	1	0	14	-1
1654	F	2	1	0	15	-1
1655	F	2	1	0	16	-1
1656	F	2	1	0	17	-1
1657	F	2	1	0	18	-1
1658	F	2	1	0	19	-1
1659	F	2	1	0	20	-1
1660	F	2	1	0	21	-1
1661	F	2	1	0	22	-1
1662	F	2	1	0	23	-1
1663	F	2	1	0	24	-1
1664	F	2	1	0	25	-1
1665	F	2	1	0	26	-1
1666	F	2	1	1	0	-1
1667	F	2	1	1	1	-1
1668	F	2	1	1	2	-1
1669	F	2	1	1	3	-1
1670	F	2	1	1	4	-1
1671	F	2	1	1	5	-1
1672	F	2	1	1	6	-1
1673	F	2	1	1	7	-1
1674	F	2	1	1	8	-1
1675	F	2	1	1	9	-1
1676	F	2	1	1	10	-1
1677	F	2	1	1	11	-1
1678	F	2	1	1	12	-1
1679	F	2	1	1	13	-1
1680	F	2	1	1	14	-1
1681	F	2	1	1	15	-1
1682	F	2	1	1	16	-1
1683	F	2	1	1	17	-1
1684	F	2	1	1	18	-1
1685	F	2	1	1	19	-1
1686	F	2	1	1	20	-1
1687	F	2	1	1	21	-1
1688	F	2	1	1	22	-1
1689	F	2	1	1	23	-1
1690	F	2	1	1	24	-1
1691	F	2	1	1	25	-1
1692	F	2	1	1	26	-1
1693	F	2	1	2	0	-1
1694	F	2	1	2	1	-1
1695	F	2	1	2	2	-1
1696	F	2	1	2	3	-1
1697	F	2	1	2	4	-1
1698	F	2	1	2	5	-1
1699	F	2	1	2	6	-1
1700	F	2	1	2	7	-1
1701	F	2	1	2	8	-1
1702	F	2	1	2	9	-1
1703	F	2	1	2	10	-1
1704	F	2	1	2	11	-1
1705	F	2	1	2	12	-1
1706	F	2	1	2	13	-1
1707	F	2	1	2	14	-1
1708	F	2	1	2	15	-1
1709	F	2	1	2	16	-1
1710	F	2	1	2	17	-1
1711	F	2	1	2	18	-1
1712	F	2	1	2	19	-1
1713	F	2	1	2	20	-1
1714	F	2	1	2	21	-1
1715	F	2	1	2	22	-1
1716	F	2	1	2	23	-1
1717	F	2	1	2	24	-1
1718	F	2	1	2	25	-1
1719	F	2	1	2	26	-1
1720	F	2	1	3	0	-1
1721	F	2	1	3	1	-1
1722	F	2	1	3	2	-1
1723	F	2	1	3	3	-1
1724	F	2	1	3	4	-1
1725	F	2	1	3	5	-1
1726	F	2	1	3	6	-1
1727	F	2	1	3	7	-1
1728	F	2	1	3	8	-1
1729	F	2	1	3	9	-1
1730	F	2	1	3	10	-1
1731	F	2	1	3	11	-1
1732	F	2	1	3	12	-1
1733	F	2	1	3	13	-1
1734	F	2	1	3	14	-1
1735	F	2	1	3	15	-1
1736	F	2	1	3	16	-1
1737	F	2	1	3	17	-1
1738	F	2	1	3	18	-1
1739	F	2	1	3	19	-1
1740	F	2	1	3	20	-1
1741	F	2	1	3	21	-1
1742	F	2	1	3	22	-1
1743	F	2	1	3	23	-1
1744	F	2	1	3	24	-1
1745	F	2	1	3	25	-1
1746	F	2	1	3	26	-1
1747	F	2	1	4	0	-1
1748	F	2	1	4	1	-1
1749	F	2	1	4	2	-1
1750	F	2	1	4	3	-1
1751	F	2	1	4	4	-1
1752	F	2	1	4	5	-1
1753	F	2	1	4	6	-1
1754	F	2	1	4	7	-1
1755	F	2	1	4	8	-1
1756	F	2	1	4	9	-1
1757	F	2	1	4	10	-1
1758	F	2	1	4	11	-1
1759	F	2	1	4	12	-1
1760	F	2	1	4	13	-1
1761	F	2	1	4	14	-1
1762	F	2	1	4	15	-1
1763	F	2	1	4	16	-1
1764	F	2	1	4	17	-1
1765	F	2	1	4	18	-1
1766	F	2	1	4	19	-1
1767	F	2	1	4	20	-1
1768	F	2	1	4	21	-1
1769	F	2	1	4	22	-1
1770	F	2	1	4	23	-1
1771	F	2	1	4	24	-1
1772	F	2	1	4	25	-1
1773	F	2	1	4	26	-1
1774	F	2	1	5	0	-1
1775	F	2	1	5	1	-1
1776	F	2	1	5	2	-1
1777	F	2	1	5	3	-1
1778	F	2	1	5	4	-1
1779	F	2	1	5	5	-1
1780	F	2	1	5	6	-1
1781	F	2	1	5	7	-1
1782	F	2	1	5	8	-1
1783	F	2	1	5	9	-1
1784	F	2	1	5	10	-1
1785	F	2	1	5	11	-1
1786	F	2	1	5	12	-1
1787	F	2	1	5	13	-1
1788	F	2	1	5	14	-1
1789	F	2	1	5	15	-1
1790	F	2	1	5	16	-1
1791	F	2	1	5	17	-1
1792	F	2	1	5	18	-1
1793	F	2	1	5	19	-1
1794	F	2	1	5	20	-1
1795	F	2	1	5	21	-1
1796	F	2	1	5	22	-1
1797	F	2	1	5	23	-1
1798	F	2	1	5	24	-1
1799	F	2	1	5	25	-1
1800	F	2	1	5	26	-1
1801	F	2	1	6	0	-1
1802	F	2	1	6	1	-1
1803	F	2	1	6	2	-1
1804	F	2	1	6	3	-1
1805	F	2	1	6	4	-1
1806	F	2	1	6	5	-1
1807	F	2	1	6	6	-1
1808	F	2	1	6	7	-1
1809	F	2	1	6	8	-1
1810	F	2	1	6	9	-1
1811	F	2	1	6	10	-1
1812	F	2	1	6	11	-1
1813	F	2	1	6	12	-1
1814	F	2	1	6	13	-1
1815	F	2	1	6	14	-1
1816	F	2	1	6	15	-1
1817	F	2	1	6	16	-1
1818	F	2	1	6	17	-1
1819	F	2	1	6	18	-1
1820	F	2	1	6	19	-1
1821	F	2	1	6	20	-1
1822	F	2	1	6	21	-1
1823	F	2	1	6	22	-1
1824	F	2	1	6	23	-1
1825	F	2	1	6	24	-1
1826	F	2	1	6	25	-1
1827	F	2	1	6	26	-1
1828	F	2	1	7	0	-1
1829	F	2	1	7	1	-1
1830	F	2	1	7	2	-1
1831	F	2	1	7	3	-1
1832	F	2	1	7	4	-1
1833	F	2	1	7	5	-1
1834	F	2	1	7	6	-1
1835	F	2	1	7	7	-1
1836	F	2	1	7	8	-1
1837	F	2	1	7	9	-1
1838	F	2	1	7	10	-1
1839	F	2	1	7	11	-1
1840	F	2	1	7	12	-1
1841	F	2	1	7	13	-1
1842	F	2	1	7	14	-1
1843	F	2	1	7	15	-1
1844	F	2	1	7	16	-1
1845	F	2	1	7	17	-1
1846	F	2	1	7	18	-1
1847	F	2	1	7	19	-1
1848	F	2	1	7	20	-1
1849	F	2	1	7	21	-1
1850	F	2	1	7	22	-1
1851	F	2	1	7	23	-1
1852	F	2	1	7	24	-1
1853	F	2	1	7	25	-1
1854	F	2	1	7	26	-1
1855	F	2	1	8	0	-1
1856	F	2	1	8	1	-1
1857	F	2	1	8	2	-1
1858	F	2	1	8	3	-1
1859	F	2	1	8	4	-1
1860	F	2	1	8	5	-1
1861	F	2	1	8	6	-1
1862	F	2	1	8	7	-1
1863	F	2	1	8	8	-1
1864	F	2	1	8	9	-1
1865	F	2	1	8	10	-1
1866	F	2	1	8	11	-1
1867	F	2	1	8	12	-1
1868	F	2	1	8	13	-1
1869	F	2	1	8	14	-1
1870	F	2	1	8	15	-1
1871	F	2	1	8	16	-1
1872	F	2	1	8	17	-1
1873	F	2	1	8	18	-1
1874	F	2	1	8	19	-1
1875	F	2	1	8	20	-1
1876	F	2	1	8	21	-1
1877	F	2	1	8	22	-1
1878	F	2	1	8	23	-1
1879	F	2	1	8	24	-1
1880	F	2	1	8	25	-1
1881	F	2	1	8	26	-1
1882	F	2	1	9	0	-1
1883	F	2	1	9	1	-1
1884	F	2	1	9	2	-1
1885	F	2	1	9	3	-1
1886	F	2	1	9	4	-1
1887	F	2	1	9	5	-1
1888	F	2	1	9	6	-1
1889	F	2	1	9	7	-1
1890	F	2	1	9	8	-1
1891	F	2	1	9	9	-1
1892	F	2	1	9	10	-1
1893	F	2	1	9	11	-1
1894	F	2	1	9	12	-1
1895	F	2	1	9	13	-1
1896	F	2	1	9	14	-1
1897	F	2	1	9	15	-1
1898	F	2	1	9	16	-1
1899	F	2	1	9	17	-1
1900	F	2	1	9	18	-1
1901	F	2	1	9	19	-1
1902	F	2	1	9	20	-1
1903	F	2	1	9	21	-1
1904	F	2	1	9	22	-1
1905	F	2	1	9	23	-1
1906	F	2	1	9	24	-1
1907	F	2	1	9	25	-1
1908	F	2	1	9	26	-1
1909	F	2	1	10	0	-1
1910	F	2	1	10	1	-1
1911	F	2	1	10	2	-1
1912	F	2	1	10	3	-1
1913	F	2	1	10	4	-1
1914	F	2	1	10	5	-1
1915	F	2	1	10	6	-1
1916	F	2	1	10	7	-1
1917	F	2	1	10	8	-1
1918	F	2	1	10	9	-1
1919	F	2	1	10	10	-1
1920	F	2	1	10	11	-1
1921	F	2	1	10	12	-1
1922	F	2	1	10	13	-1
1923	F	2	1	10	14	-1
1924	F	2	1	10	15	-1
1925	F	2	1	10	16	-1
1926	F	2	1	10	17	-1
1927	F	2	1	10	18	-1
1928	F	2	1	10	19	-1
1929	F	2	1	10	20	-1
1930	F	2	1	10	21	-1
1931	F	2	1	10	22	-1
1932	F	2	1	10	23	-1
1933	F	2	1	10	24	-1
1934	F	2	1	10	25	-1
1935	F	2	1	10	26	-1
1936	F	2	1	11	0	-1
1937	F	2	1	11	1	-1
1938	F	2	1	11	2	-1
1939	F	2	1	11	3	-1
1940	F	2	1	11	4	-1
1941	F	2	1	11	5	-1
1942	F	2	1	11	6	-1
1943	F	2	1	11	7	-1
1944	F	2	1	11	8	-1
1945	F	2	1	11	9	-1
1946	F	2	1	11	10	-1
1947	F	2	1	11	11	-1
1948	F	2	1	11	12	-1
1949	F	2	1	11	13	-1
1950	F	2	1	11	14	-1
1951	F	2	1	11	15	-1
1952	F	2	1	11	16	-1
1953	F	2	1	11	17	-1
1954	F	2	1	11	18	-1
1955	F	2	1	11	19	-1
1956	F	2	1	11	20	-1
1957	F	2	1	11	21	-1
1958	F	2	1	11	22	-1
1959	F	2	1	11	23	-1
1960	F	2	1	11	24	-1
1961	F	2	1	11	25	-1
1962	F	2	1	11	26	-1
1963	F	2	1	12	0	-1
1964	F	2	1	12	1	-1
1965	F	2	1	12	2	-1
1966	F	2	1	12	3	-1
1967	F	2	1	12	4	-1
1968	F	2	1	12	5	-1
1969	F	2	1	12	6	-1
1970	F	2	1	12	7	-1
1971	F	2	1	12	8	-1
1972	F	2	1	12	9	-1
1973	F	2	1	12	10	-1
1974	F	2	1	12	11	-1
1975	F	2	1	12	12	-1
1976	F	2	1	12	13	-1
1977	F	2	1	12	14	-1
1978	F	2	1	12	15	-1
1979	F	2	1	12	16	-1
1980	F	2	1	12	17	-1
1981	F	2	1	12	18	-1
1982	F	2	1	12	19	-1
1983	F	2	1	12	20	-1
1984	F	2	1	12	21	-1
1985	F	2	1	12	22	-1
1986	F	2	1	12	23	-1
1987	F	2	1	12	24	-1
1988	F	2	1	12	25	-1
1989	F	2	1	12	26	-1
1990	F	2	1	13	0	-1
1991	F	2	1	13	1	-1
1992	F	2	1	13	2	-1
1993	F	2	1	13	3	-1
1994	F	2	1	13	4	-1
1995	F	2	1	13	5	-1
1996	F	2	1	13	6	-1
1997	F	2	1	13	7	-1
1998	F	2	1	13	8	-1
1999	F	2	1	13	9	-1
2000	F	2	1	13	10	-1
2001	F	2	1	13	11	-1
2002	F	2	1	13	12	-1
2003	F	2	1	13	13	-1
2004	F	2	1	13	14	-1
2005	F	2	1	13	15	-1
2006	F	2	1	13	16	-1
2007	F	2	1	13	17	-1
2008	F	2	1	13	18	-1
2009	F	2	1	13	19	-1
2010	F	2	1	13	20	-1
2011	F	2	1	13	21	-1
2012	F	2	1	13	22	-1
2013	F	2	1	13	23	-1
2014	F	2	1	13	24	-1
2015	F	2	1	13	25	-1
2016	F	2	1	13	26	-1
2017	F	2	1	14	0	-1
2018	F	2	1	14	1	-1
2019	F	2	1	14	2	-1
2020	F	2	1	14	3	-1
2021	F	2	1	14	4	-1
2022	F	2	1	14	5	-1
2023	F	2	1	14	6	-1
2024	F	2	1	14	7	-1
2025	F	2	1	14	8	-1
2026	F	2	1	14	9	-1
2027	F	2	1	14	10	-1
2028	F	2	1	14	11	-1
2029	F	2	1	14	12	-1
2030	F	2	1	14	13	-1
2031	F	2	1	14	14	-1
2032	F	2	1	14	15	-1
2033	F	2	1	14	16	-1
2034	F	2	1	14	17	-1
2035	F	2	1	14	18	-1
2036	F	2	1	14	19	-1
2037	F	2	1	14	20	-1
2038	F	2	1	14	21	-1
2039	F	2	1	14	22	-1
2040	F	2	1	14	23	-1
2041	F	2	1	14	24	-1
2042	F	2	1	14	25	-1
2043	F	2	1	14	26	-1
2044	F	2	1	15	0	-1
2045	F	2	1	15	1	-1
2046	F	2	1	15	2	-1
2047	F	2	1	15	3	-1
2048	F	2	1	15	4	-1
2049	F	2	1	15	5	-1
2050	F	2	1	15	6	-1
2051	F	2	1	15	7	-1
2052	F	2	1	15	8	-1
2053	F	2	1	15	9	-1
2054	F	2	1	15	10	-1
2055	F	2	1	15	11	-1
2056	F	2	1	15	12	-1
2057	F	2	1	15	13	-1
2058	F	2	1	15	14	-1
2059	F	2	1	15	15	-1
2060	F	2	1	15	16	-1
2061	F	2	1	15	17	-1
2062	F	2	1	15	18	-1
2063	F	2	1	15	19	-1
2064	F	2	1	15	20	-1
2065	F	2	1	15	21	-1
2066	F	2	1	15	22	-1
2067	F	2	1	15	23	-1
2068	F	2	1	15	24	-1
2069	F	2	1	15	25	-1
2070	F	2	1	15	26	-1
2071	F	2	1	16	0	-1
2072	F	2	1	16	1	-1
2073	F	2	1	16	2	-1
2074	F	2	1	16	3	-1
2075	F	2	1	16	4	-1
2076	F	2	1	16	5	-1
2077	F	2	1	16	6	-1
2078	F	2	1	16	7	-1
2079	F	2	1	16	8	-1
2080	F	2	1	16	9	-1
2081	F	2	1	16	10	-1
2082	F	2	1	16	11	-1
2083	F	2	1	16	12	-1
2084	F	2	1	16	13	-1
2085	F	2	1	16	14	-1
2086	F	2	1	16	15	-1
2087	F	2	1	16	16	-1
2088	F	2	1	16	17	-1
2089	F	2	1	16	18	-1
2090	F	2	1	16	19	-1
2091	F	2	1	16	20	-1
2092	F	2	1	16	21	-1
2093	F	2	1	16	22	-1
2094	F	2	1	16	23	-1
2095	F	2	1	16	24	-1
2096	F	2	1	16	25	-1
2097	F	2	1	16	26	-1
2098	F	2	1	17	0	-1
2099	F	2	1	17	1	-1
2100	F	2	1	17	2	-1
2101	F	2	1	17	3	-1
2102	F	2	1	17	4	-1
2103	F	2	1	17	5	-1
2104	F	2	1	17	6	-1
2105	F	2	1	17	7	-1
2106	F	2	1	17	8	-1
2107	F	2	1	17	9	-1
2108	F	2	1	17	10	-1
2109	F	2	1	17	11	-1
2110	F	2	1	17	12	-1
2111	F	2	1	17	13	-1
2112	F	2	1	17	14	-1
2113	F	2	1	17	15	-1
2114	F	2	1	17	16	-1
2115	F	2	1	17	17	-1
2116	F	2	1	17	18	-1
2117	F	2	1	17	19	-1
2118	F	2	1	17	20	-1
2119	F	2	1	17	21	-1
2120	F	2	1	17	22	-1
2121	F	2	1	17	23	-1
2122	F	2	1	17	24	-1
2123	F	2	1	17	25	-1
2124	F	2	1	17	26	-1
2125	F	2	1	18	0	-1
2126	F	2	1	18	1	-1
2127	F	2	1	18	2	-1
2128	F	2	1	18	3	-1
2129	F	2	1	18	4	-1
2130	F	2	1	18	5	-1
2131	F	2	1	18	6	-1
2132	F	2	1	18	7	-1
2133	F	2	1	18	8	-1
2134	F	2	1	18	9	-1
2135	F	2	1	18	10	-1
2136	F	2	1	18	11	-1
2137	F	2	1	18	12	-1
2138	F	2	1	18	13	-1
2139	F	2	1	18	14	-1
2140	F	2	1	18	15	-1
2141	F	2	1	18	16	-1
2142	F	2	1	18	17	-1
2143	F	2	1	18	18	-1
2144	F	2	1	18	19	-1
2145	F	2	1	18	20	-1
2146	F	2	1	18	21	-1
2147	F	2	1	18	22	-1
2148	F	2	1	18	23	-1
2149	F	2	1	18	24	-1
2150	F	2	1	18	25	-1
2151	F	2	1	18	26	-1
2152	F	2	1	19	0	-1
2153	F	2	1	19	1	-1
2154	F	2	1	19	2	-1
2155	F	2	1	19	3	-1
2156	F	2	1	19	4	-1
2157	F	2	1	19	5	-1
2158	F	2	1	19	6	-1
2159	F	2	1	19	7	-1
2160	F	2	1	19	8	-1
2161	F	2	1	19	9	-1
2162	F	2	1	19	10	-1
2163	F	2	1	19	11	-1
2164	F	2	1	19	12	-1
2165	F	2	1	19	13	-1
2166	F	2	1	19	14	-1
2167	F	2	1	19	15	-1
2168	F	2	1	19	16	-1
2169	F	2	1	19	17	-1
2170	F	2	1	19	18	-1
2171	F	2	1	19	19	-1
2172	F	2	1	19	20	-1
2173	F	2	1	19	21	-1
2174	F	2	1	19	22	-1
2175	F	2	1	19	23	-1
2176	F	2	1	19	24	-1
2177	F	2	1	19	25	-1
2178	F	2	1	19	26	-1
2179	F	2	1	20	0	-1
2180	F	2	1	20	1	-1
2181	F	2	1	20	2	-1
2182	F	2	1	20	3	-1
2183	F	2	1	20	4	-1
2184	F	2	1	20	5	-1
2185	F	2	1	20	6	-1
2186	F	2	1	20	7	-1
2187	F	2	1	20	8	-1
2188	F	2	1	20	9	-1
2189	F	2	1	20	10	-1
2190	F	2	1	20	11	-1
2191	F	2	1	20	12	-1
2192	F	2	1	20	13	-1
2193	F	2	1	20	14	-1
2194	F	2	1	20	15	-1
2195	F	2	1	20	16	-1
2196	F	2	1	20	17	-1
2197	F	2	1	20	18	-1
2198	F	2	1	20	19	-1
2199	F	2	1	20	20	-1
2200	F	2	1	20	21	-1
2201	F	2	1	20	22	-1
2202	F	2	1	20	23	-1
2203	F	2	1	20	24	-1
2204	F	2	1	20	25	-1
2205	F	2	1	20	26	-1
2206	F	2	1	21	0	-1
2207	F	2	1	21	1	-1
2208	F	2	1	21	2	-1
2209	F	2	1	21	3	-1
2210	F	2	1	21	4	-1
2211	F	2	1	21	5	-1
2212	F	2	1	21	6	-1
2213	F	2	1	21	7	-1
2214	F	2	1	21	8	-1
2215	F	2	1	21	9	-1
2216	F	2	1	21	10	-1
2217	F	2	1	21	11	-1
2218	F	2	1	21	12	-1
2219	F	2	1	21	13	-1
2220	F	2	1	21	14	-1
2221	F	2	1	21	15	-1
2222	F	2	1	21	16	-1
2223	F	2	1	21	17	-1
2224	F	2	1	21	18	-1
2225	F	2	1	21	19	-1
2226	F	2	1	21	20	-1
2227	F	2	1	21	21	-1
2228	F	2	1	21	22	-1
2229	F	2	1	21	23	-1
2230	F	2	1	21	24	-1
2231	F	2	1	21	25	-1
2232	F	2	1	21	26	-1
2233	F	2	1	22	0	-1
2234	F	2	1	22	1	-1
2235	F	2	1	22	2	-1
2236	F	2	1	22	3	-1
2237	F	2	1	22	4	-1
2238	F	2	1	22	5	-1
2239	F	2	1	22	6	-1
2240	F	2	1	22	7	-1
2241	F	2	1	22	8	-1
2242	F	2	1	22	9	-1
2243	F	2	1	22	10	-1
2244	F	2	1	22	11	-1
2245	F	2	1	22	12	-1
2246	F	2	1	22	13	-1
2247	F	2	1	22	14	-1
2248	F	2	1	22	15	-1
2249	F	2	1	22	16	-1
2250	F	2	1	22	17	-1
2251	F	2	1	22	18	-1
2252	F	2	1	22	19	-1
2253	F	2	1	22	20	-1
2254	F	2	1	22	21	-1
2255	F	2	1	22	22	-1
2256	F	2	1	22	23	-1
2257	F	2	1	22	24	-1
2258	F	2	1	22	25	-1
2259	F	2	1	22	26	-1
2260	F	2	1	23	0	-1
2261	F	2	1	23	1	-1
2262	F	2	1	23	2	-1
2263	F	2	1	23	3	-1
2264	F	2	1	23	4	-1
2265	F	2	1	23	5	-1
2266	F	2	1	23	6	-1
2267	F	2	1	23	7	-1
2268	F	2	1	23	8	-1
2269	F	2	1	23	9	-1
2270	F	2	1	23	10	-1
2271	F	2	1	23	11	-1
2272	F	2	1	23	12	-1
2273	F	2	1	23	13	-1
2274	F	2	1	23	14	-1
2275	F	2	1	23	15	-1
2276	F	2	1	23	16	-1
2277	F	2	1	23	17	-1
2278	F	2	1	23	18	-1
2279	F	2	1	23	19	-1
2280	F	2	1	23	20	-1
2281	F	2	1	23	21	-1
2282	F	2	1	23	22	-1
2283	F	2	1	23	23	-1
2284	F	2	1	23	24	-1
2285	F	2	1	23	25	-1
2286	F	2	1	23	26	-1
2287	F	2	1	24	0	-1
2288	F	2	1	24	1	-1
2289	F	2	1	24	2	-1
2290	F	2	1	24	3	-1
2291	F	2	1	24	4	-1
2292	F	2	1	24	5	-1
2293	F	2	1	24	6	-1
2294	F	2	1	24	7	-1
2295	F	2	1	24	8	-1
2296	F	2	1	24	9	-1
2297	F	2	1	24	10	-1
2298	F	2	1	24	11	-1
2299	F	2	1	24	12	-1
2300	F	2	1	24	13	-1
2301	F	2	1	24	14	-1
2302	F	2	1	24	15	-1
2303	F	2	1	24	16	-1
2304	F	2	1	24	17	-1
2305	F	2	1	24	18	-1
2306	F	2	1	24	19	-1
2307	F	2	1	24	20	-1
2308	F	2	1	24	21	-1
2309	F	2	1	24	22	-1
2310	F	2	1	24	23	-1
2311	F	2	1	24	24	-1
2312	F	2	1	24	25	-1
2313	F	2	1	24	26	-1
2314	F	2	1	25	0	-1
2315	F	2	1	25	1	-1
2316	F	2	1	25	2	-1
2317	F	2	1	25	3	-1
2318	F	2	1	25	4	-1
2319	F	2	1	25	5	-1
2320	F	2	1	25	6	-1
2321	F	2	1	25	7	-1
2322	F	2	1	25	8	-1
2323	F	2	1	25	9	-1
2324	F	2	1	25	10	-1
2325	F	2	1	25	11	-1
2326	F	2	1	25	12	-1
2327	F	2	1	25	13	-1
2328	F	2	1	25	14	-1
2329	F	2	1	25	15	-1
2330	F	2	1	25	16	-1
2331	F	2	1	25	17	-1
2332	F	2	1	25	18	-1
2333	F	2	1	25	19	-1
2334	F	2	1	25	20	-1
2335	F	2	1	25	21	-1
2336	F	2	1	25	22	-1
2337	F	2	1	25	23	-1
2338	F	2	1	25	24	-1
2339	F	2	1	25	25	-1
2340	F	2	1	25	26	-1
2341	F	2	1	26	0	-1
2342	F	2	1	26	1	-1
2343	F	2	1	26	2	-1
2344	F	2	1	26	3	-1
2345	F	2	1	26	4	-1
2346	F	2	1	26	5	-1
2347	F	2	1	26	6	-1
2348	F	2	1	26	7	-1
2349	F	2	1	26	8	-1
2350	F	2	1	26	9	-1
2351	F	2	1	26	10	-1
2352	F	2	1	26	11	-1
2353	F	2	1	26	12	-1
2354	F	2	1	26	13	-1
2355	F	2	1	26	14	-1
2356	F	2	1	26	15	-1
2357	F	2	1	26	16	-1
2358	F	2	1	26	17	-1
2359	F	2	1	26	18	-1
2360	F	2	1	26	19	-1
2361	F	2	1	26	20	-1
2362	F	2	1	26	21	-1
2363	F	2	1	26	22	-1
2364	F	2	1	26	23	-1
2365	F	2	1	26	24	-1
2366	F	2	1	26	25	-1
2367	F	2	1	26	26	-1
2368	F	2	1	27	0	-1
2369	F	2	1	27	1	-1
2370	F	2	1	27	2	-1
2371	F	2	1	27	3	-1
2372	F	2	1	27	4	-1
2373	F	2	1	27	5	-1
2374	F	2	1	27	6	-1
2375	F	2	1	27	7	-1
2376	F	2	1	27	8	-1
2377	F	2	1	27	9	-1
2378	F	2	1	27	10	-1
2379	F	2	1	27	11	-1
2380	F	2	1	27	12	-1
2381	F	2	1	27	13	-1
2382	F	2	1	27	14	-1
2383	F	2	1	27	15	-1
2384	F	2	1	27	16	-1
2385	F	2	1	27	17	-1
2386	F	2	1	27	18	-1
2387	F	2	1	27	19	-1
2388	F	2	1	27	20	-1
2389	F	2	1	27	21	-1
2390	F	2	1	27	22	-1
2391	F	2	1	27	23	-1
2392	F	2	1	27	24	-1
2393	F	2	1	27	25	-1
2394	F	2	1	27	26	-1
2395	F	2	1	28	0	-1
2396	F	2	1	28	1	-1
2397	F	2	1	28	2	-1
2398	F	2	1	28	3	-1
2399	F	2	1	28	4	-1
2400	F	2	1	28	5	-1
2401	F	2	1	28	6	-1
2402	F	2	1	28	7	-1
2403	F	2	1	28	8	-1
2404	F	2	1	28	9	-1
2405	F	2	1	28	10	-1
2406	F	2	1	28	11	-1
2407	F	2	1	28	12	-1
2408	F	2	1	28	13	-1
2409	F	2	1	28	14	-1
2410	F	2	1	28	15	-1
2411	F	2	1	28	16	-1
2412	F	2	1	28	17	-1
2413	F	2	1	28	18	-1
2414	F	2	1	28	19	-1
2415	F	2	1	28	20	-1
2416	F	2	1	28	21	-1
2417	F	2	1	28	22	-1
2418	F	2	1	28	23	-1
2419	F	2	1	28	24	-1
2420	F	2	1	28	25	-1
2421	F	2	1	28	26	-1
2422	F	3	1	0	0	-1
2423	F	3	1	0	1	-1
2424	F	3	1	0	2	-1
2425	F	3	1	0	3	-1
2426	F	3	1	0	4	-1
2427	F	3	1	0	5	-1
2428	F	3	1	0	6	-1
2429	F	3	1	0	7	-1
2430	F	3	1	0	8	-1
2431	F	3	1	0	9	-1
2432	F	3	1	0	10	-1
2433	F	3	1	0	11	-1
2434	F	3	1	0	12	-1
2435	F	3	1	0	13	-1
2436	F	3	1	0	14	-1
2437	F	3	1	0	15	-1
2438	F	3	1	0	16	-1
2439	F	3	1	0	17	-1
2440	F	3	1	0	18	-1
2441	F	3	1	0	19	-1
2442	F	3	1	0	20	-1
2443	F	3	1	0	21	-1
2444	F	3	1	0	22	-1
2445	F	3	1	0	23	-1
2446	F	3	1	0	24	-1
2447	F	3	1	0	25	-1
2448	F	3	1	0	26	-1
2449	F	3	1	1	0	-1
2450	F	3	1	1	1	-1
2451	F	3	1	1	2	-1
2452	F	3	1	1	3	-1
2453	F	3	1	1	4	-1
2454	F	3	1	1	5	-1
2455	F	3	1	1	6	-1
2456	F	3	1	1	7	-1
2457	F	3	1	1	8	-1
2458	F	3	1	1	9	-1
2459	F	3	1	1	10	-1
2460	F	3	1	1	11	-1
2461	F	3	1	1	12	-1
2462	F	3	1	1	13	-1
2463	F	3	1	1	14	-1
2464	F	3	1	1	15	-1
2465	F	3	1	1	16	-1
2466	F	3	1	1	17	-1
2467	F	3	1	1	18	-1
2468	F	3	1	1	19	-1
2469	F	3	1	1	20	-1
2470	F	3	1	1	21	-1
2471	F	3	1	1	22	-1
2472	F	3	1	1	23	-1
2473	F	3	1	1	24	-1
2474	F	3	1	1	25	-1
2475	F	3	1	1	26	-1
2476	F	3	1	2	0	-1
2477	F	3	1	2	1	-1
2478	F	3	1	2	2	-1
2479	F	3	1	2	3	-1
2480	F	3	1	2	4	-1
2481	F	3	1	2	5	-1
2482	F	3	1	2	6	-1
2483	F	3	1	2	7	-1
2484	F	3	1	2	8	-1
2485	F	3	1	2	9	-1
2486	F	3	1	2	10	-1
2487	F	3	1	2	11	-1
2488	F	3	1	2	12	-1
2489	F	3	1	2	13	-1
2490	F	3	1	2	14	-1
2491	F	3	1	2	15	-1
2492	F	3	1	2	16	-1
2493	F	3	1	2	17	-1
2494	F	3	1	2	18	-1
2495	F	3	1	2	19	-1
2496	F	3	1	2	20	-1
2497	F	3	1	2	21	-1
2498	F	3	1	2	22	-1
2499	F	3	1	2	23	-1
2500	F	3	1	2	24	-1
2501	F	3	1	2	25	-1
2502	F	3	1	2	26	-1
2503	F	3	1	3	0	-1
2504	F	3	1	3	1	-1
2505	F	3	1	3	2	-1
2506	F	3	1	3	3	-1
2507	F	3	1	3	4	-1
2508	F	3	1	3	5	-1
2509	F	3	1	3	6	-1
2510	F	3	1	3	7	-1
2511	F	3	1	3	8	-1
2512	F	3	1	3	9	-1
2513	F	3	1	3	10	-1
2514	F	3	1	3	11	-1
2515	F	3	1	3	12	-1
2516	F	3	1	3	13	-1
2517	F	3	1	3	14	-1
2518	F	3	1	3	15	-1
2519	F	3	1	3	16	-1
2520	F	3	1	3	17	-1
2521	F	3	1	3	18	-1
2522	F	3	1	3	19	-1
2523	F	3	1	3	20	-1
2524	F	3	1	3	21	-1
2525	F	3	1	3	22	-1
2526	F	3	1	3	23	-1
2527	F	3	1	3	24	-1
2528	F	3	1	3	25	-1
2529	F	3	1	3	26	-1
2530	F	3	1	4	0	-1
2531	F	3	1	4	1	-1
2532	F	3	1	4	2	-1
2533	F	3	1	4	3	-1
2534	F	3	1	4	4	-1
2535	F	3	1	4	5	-1
2536	F	3	1	4	6	-1
2537	F	3	1	4	7	-1
2538	F	3	1	4	8	-1
2539	F	3	1	4	9	-1
2540	F	3	1	4	10	-1
2541	F	3	1	4	11	-1
2542	F	3	1	4	12	-1
2543	F	3	1	4	13	-1
2544	F	3	1	4	14	-1
2545	F	3	1	4	15	-1
2546	F	3	1	4	16	-1
2547	F	3	1	4	17	-1
2548	F	3	1	4	18	-1
2549	F	3	1	4	19	-1
2550	F	3	1	4	20	-1
2551	F	3	1	4	21	-1
2552	F	3	1	4	22	-1
2553	F	3	1	4	23	-1
2554	F	3	1	4	24	-1
2555	F	3	1	4	25	-1
2556	F	3	1	4	26	-1
2557	F	3	1	5	0	-1
2558	F	3	1	5	1	-1
2559	F	3	1	5	2	-1
2560	F	3	1	5	3	-1
2561	F	3	1	5	4	-1
2562	F	3	1	5	5	-1
2563	F	3	1	5	6	-1
2564	F	3	1	5	7	-1
2565	F	3	1	5	8	-1
2566	F	3	1	5	9	-1
2567	F	3	1	5	10	-1
2568	F	3	1	5	11	-1
2569	F	3	1	5	12	-1
2570	F	3	1	5	13	-1
2571	F	3	1	5	14	-1
2572	F	3	1	5	15	-1
2573	F	3	1	5	16	-1
2574	F	3	1	5	17	-1
2575	F	3	1	5	18	-1
2576	F	3	1	5	19	-1
2577	F	3	1	5	20	-1
2578	F	3	1	5	21	-1
2579	F	3	1	5	22	-1
2580	F	3	1	5	23	-1
2581	F	3	1	5	24	-1
2582	F	3	1	5	25	-1
2583	F	3	1	5	26	-1
2584	F	3	1	6	0	-1
2585	F	3	1	6	1	-1
2586	F	3	1	6	2	-1
2587	F	3	1	6	3	-1
2588	F	3	1	6	4	-1
2589	F	3	1	6	5	-1
2590	F	3	1	6	6	-1
2591	F	3	1	6	7	-1
2592	F	3	1	6	8	-1
2593	F	3	1	6	9	-1
2594	F	3	1	6	10	-1
2595	F	3	1	6	11	-1
2596	F	3	1	6	12	-1
2597	F	3	1	6	13	-1
2598	F	3	1	6	14	-1
2599	F	3	1	6	15	-1
2600	F	3	1	6	16	-1
2601	F	3	1	6	17	-1
2602	F	3	1	6	18	-1
2603	F	3	1	6	19	-1
2604	F	3	1	6	20	-1
2605	F	3	1	6	21	-1
2606	F	3	1	6	22	-1
2607	F	3	1	6	23	-1
2608	F	3	1	6	24	-1
2609	F	3	1	6	25	-1
2610	F	3	1	6	26	-1
2611	F	3	1	7	0	-1
2612	F	3	1	7	1	-1
2613	F	3	1	7	2	-1
2614	F	3	1	7	3	-1
2615	F	3	1	7	4	-1
2616	F	3	1	7	5	-1
2617	F	3	1	7	6	-1
2618	F	3	1	7	7	-1
2619	F	3	1	7	8	-1
2620	F	3	1	7	9	-1
2621	F	3	1	7	10	-1
2622	F	3	1	7	11	-1
2623	F	3	1	7	12	-1
2624	F	3	1	7	13	-1
2625	F	3	1	7	14	-1
2626	F	3	1	7	15	-1
2627	F	3	1	7	16	-1
2628	F	3	1	7	17	-1
2629	F	3	1	7	18	-1
2630	F	3	1	7	19	-1
2631	F	3	1	7	20	-1
2632	F	3	1	7	21	-1
2633	F	3	1	7	22	-1
2634	F	3	1	7	23	-1
2635	F	3	1	7	24	-1
2636	F	3	1	7	25	-1
2637	F	3	1	7	26	-1
2638	F	3	1	8	0	-1
2639	F	3	1	8	1	-1
2640	F	3	1	8	2	-1
2641	F	3	1	8	3	-1
2642	F	3	1	8	4	-1
2643	F	3	1	8	5	-1
2644	F	3	1	8	6	-1
2645	F	3	1	8	7	-1
2646	F	3	1	8	8	-1
2647	F	3	1	8	9	-1
2648	F	3	1	8	10	-1
2649	F	3	1	8	11	-1
2650	F	3	1	8	12	-1
2651	F	3	1	8	13	-1
2652	F	3	1	8	14	-1
2653	F	3	1	8	15	-1
2654	F	3	1	8	16	-1
2655	F	3	1	8	17	-1
2656	F	3	1	8	18	-1
2657	F	3	1	8	19	-1
2658	F	3	1	8	20	-1
2659	F	3	1	8	21	-1
2660	F	3	1	8	22	-1
2661	F	3	1	8	23	-1
2662	F	3	1	8	24	-1
2663	F	3	1	8	25	-1
2664	F	3	1	8	26	-1
2665	F	3	1	9	0	-1
2666	F	3	1	9	1	-1
2667	F	3	1	9	2	-1
2668	F	3	1	9	3	-1
2669	F	3	1	9	4	-1
2670	F	3	1	9	5	-1
2671	F	3	1	9	6	-1
2672	F	3	1	9	7	-1
2673	F	3	1	9	8	-1
2674	F	3	1	9	9	-1
2675	F	3	1	9	10	-1
2676	F	3	1	9	11	-1
2677	F	3	1	9	12	-1
2678	F	3	1	9	13	-1
2679	F	3	1	9	14	-1
2680	F	3	1	9	15	-1
2681	F	3	1	9	16	-1
2682	F	3	1	9	17	-1
2683	F	3	1	9	18	-1
2684	F	3	1	9	19	-1
2685	F	3	1	9	20	-1
2686	F	3	1	9	21	-1
2687	F	3	1	9	22	-1
2688	F	3	1	9	23	-1
2689	F	3	1	9	24	-1
2690	F	3	1	9	25	-1
2691	F	3	1	9	26	-1
2692	F	3	1	10	0	-1
2693	F	3	1	10	1	-1
2694	F	3	1	10	2	-1
2695	F	3	1	10	3	-1
2696	F	3	1	10	4	-1
2697	F	3	1	10	5	-1
2698	F	3	1	10	6	-1
2699	F	3	1	10	7	-1
2700	F	3	1	10	8	-1
2701	F	3	1	10	9	-1
2702	F	3	1	10	10	-1
2703	F	3	1	10	11	-1
2704	F	3	1	10	12	-1
2705	F	3	1	10	13	-1
2706	F	3	1	10	14	-1
2707	F	3	1	10	15	-1
2708	F	3	1	10	16	-1
2709	F	3	1	10	17	-1
2710	F	3	1	10	18	-1
2711	F	3	1	10	19	-1
2712	F	3	1	10	20	-1
2713	F	3	1	10	21	-1
2714	F	3	1	10	22	-1
2715	F	3	1	10	23	-1
2716	F	3	1	10	24	-1
2717	F	3	1	10	25	-1
2718	F	3	1	10	26	-1
2719	F	3	1	11	0	-1
2720	F	3	1	11	1	-1
2721	F	3	1	11	2	-1
2722	F	3	1	11	3	-1
2723	F	3	1	11	4	-1
2724	F	3	1	11	5	-1
2725	F	3	1	11	6	-1
2726	F	3	1	11	7	-1
2727	F	3	1	11	8	-1
2728	F	3	1	11	9	-1
2729	F	3	1	11	10	-1
2730	F	3	1	11	11	-1
2731	F	3	1	11	12	-1
2732	F	3	1	11	13	-1
2733	F	3	1	11	14	-1
2734	F	3	1	11	15	-1
2735	F	3	1	11	16	-1
2736	F	3	1	11	17	-1
2737	F	3	1	11	18	-1
2738	F	3	1	11	19	-1
2739	F	3	1	11	20	-1
2740	F	3	1	11	21	-1
2741	F	3	1	11	22	-1
2742	F	3	1	11	23	-1
2743	F	3	1	11	24	-1
2744	F	3	1	11	25	-1
2745	F	3	1	11	26	-1
2746	F	3	1	12	0	-1
2747	F	3	1	12	1	-1
2748	F	3	1	12	2	-1
2749	F	3	1	12	3	-1
2750	F	3	1	12	4	-1
2751	F	3	1	12	5	-1
2752	F	3	1	12	6	-1
2753	F	3	1	12	7	-1
2754	F	3	1	12	8	-1
2755	F	3	1	12	9	-1
2756	F	3	1	12	10	-1
2757	F	3	1	12	11	-1
2758	F	3	1	12	12	-1
2759	F	3	1	12	13	-1
2760	F	3	1	12	14	-1
2761	F	3	1	12	15	-1
2762	F	3	1	12	16	-1
2763	F	3	1	12	17	-1
2764	F	3	1	12	18	-1
2765	F	3	1	12	19	-1
2766	F	3	1	12	20	-1
2767	F	3	1	12	21	-1
2768	F	3	1	12	22	-1
2769	F	3	1	12	23	-1
2770	F	3	1	12	24	-1
2771	F	3	1	12	25	-1
2772	F	3	1	12	26	-1
2773	F	3	1	13	0	-1
2774	F	3	1	13	1	-1
2775	F	3	1	13	2	-1
2776	F	3	1	13	3	-1
2777	F	3	1	13	4	-1
2778	F	3	1	13	5	-1
2779	F	3	1	13	6	-1
2780	F	3	1	13	7	-1
2781	F	3	1	13	8	-1
2782	F	3	1	13	9	-1
2783	F	3	1	13	10	-1
2784	F	3	1	13	11	-1
2785	F	3	1	13	12	-1
2786	F	3	1	13	13	-1
2787	F	3	1	13	14	-1
2788	F	3	1	13	15	-1
2789	F	3	1	13	16	-1
2790	F	3	1	13	17	-1
2791	F	3	1	13	18	-1
2792	F	3	1	13	19	-1
2793	F	3	1	13	20	-1
2794	F	3	1	13	21	-1
2795	F	3	1	13	22	-1
2796	F	3	1	13	23	-1
2797	F	3	1	13	24	-1
2798	F	3	1	13	25	-1
2799	F	3	1	13	26	-1
2800	F	3	1	14	0	-1
2801	F	3	1	14	1	-1
2802	F	3	1	14	2	-1
2803	F	3	1	14	3	-1
2804	F	3	1	14	4	-1
2805	F	3	1	14	5	-1
2806	F	3	1	14	6	-1
2807	F	3	1	14	7	-1
2808	F	3	1	14	8	-1
2809	F	3	1	14	9	-1
2810	F	3	1	14	10	-1
2811	F	3	1	14	11	-1
2812	F	3	1	14	12	-1
2813	F	3	1	14	13	-1
2814	F	3	1	14	14	-1
2815	F	3	1	14	15	-1
2816	F	3	1	14	16	-1
2817	F	3	1	14	17	-1
2818	F	3	1	14	18	-1
2819	F	3	1	14	19	-1
2820	F	3	1	14	20	-1
2821	F	3	1	14	21	-1
2822	F	3	1	14	22	-1
2823	F	3	1	14	23	-1
2824	F	3	1	14	24	-1
2825	F	3	1	14	25	-1
2826	F	3	1	14	26	-1
2827	F	3	1	15	0	-1
2828	F	3	1	15	1	-1
2829	F	3	1	15	2	-1
2830	F	3	1	15	3	-1
2831	F	3	1	15	4	-1
2832	F	3	1	15	5	-1
2833	F	3	1	15	6	-1
2834	F	3	1	15	7	-1
2835	F	3	1	15	8	-1
2836	F	3	1	15	9	-1
2837	F	3	1	15	10	-1
2838	F	3	1	15	11	-1
2839	F	3	1	15	12	-1
2840	F	3	1	15	13	-1
2841	F	3	1	15	14	-1
2842	F	3	1	15	15	-1
2843	F	3	1	15	16	-1
2844	F	3	1	15	17	-1
2845	F	3	1	15	18	-1
2846	F	3	1	15	19	-1
2847	F	3	1	15	20	-1
2848	F	3	1	15	21	-1
2849	F	3	1	15	22	-1
2850	F	3	1	15	23	-1
2851	F	3	1	15	24	-1
2852	F	3	1	15	25	-1
2853	F	3	1	15	26	-1
2854	F	3	1	16	0	-1
2855	F	3	1	16	1	-1
2856	F	3	1	16	2	-1
2857	F	3	1	16	3	-1
2858	F	3	1	16	4	-1
2859	F	3	1	16	5	-1
2860	F	3	1	16	6	-1
2861	F	3	1	16	7	-1
2862	F	3	1	16	8	-1
2863	F	3	1	16	9	-1
2864	F	3	1	16	10	-1
2865	F	3	1	16	11	-1
2866	F	3	1	16	12	-1
2867	F	3	1	16	13	-1
2868	F	3	1	16	14	-1
2869	F	3	1	16	15	-1
2870	F	3	1	16	16	-1
2871	F	3	1	16	17	-1
2872	F	3	1	16	18	-1
2873	F	3	1	16	19	-1
2874	F	3	1	16	20	-1
2875	F	3	1	16	21	-1
2876	F	3	1	16	22	-1
2877	F	3	1	16	23	-1
2878	F	3	1	16	24	-1
2879	F	3	1	16	25	-1
2880	F	3	1	16	26	-1
2881	F	3	1	17	0	-1
2882	F	3	1	17	1	-1
2883	F	3	1	17	2	-1
2884	F	3	1	17	3	-1
2885	F	3	1	17	4	-1
2886	F	3	1	17	5	-1
2887	F	3	1	17	6	-1
2888	F	3	1	17	7	-1
2889	F	3	1	17	8	-1
2890	F	3	1	17	9	-1
2891	F	3	1	17	10	-1
2892	F	3	1	17	11	-1
2893	F	3	1	17	12	-1
2894	F	3	1	17	13	-1
2895	F	3	1	17	14	-1
2896	F	3	1	17	15	-1
2897	F	3	1	17	16	-1
2898	F	3	1	17	17	-1
2899	F	3	1	17	18	-1
2900	F	3	1	17	19	-1
2901	F	3	1	17	20	-1
2902	F	3	1	17	21	-1
2903	F	3	1	17	22	-1
2904	F	3	1	17	23	-1
2905	F	3	1	17	24	-1
2906	F	3	1	17	25	-1
2907	F	3	1	17	26	-1
2908	F	3	1	18	0	-1
2909	F	3	1	18	1	-1
2910	F	3	1	18	2	-1
2911	F	3	1	18	3	-1
2912	F	3	1	18	4	-1
2913	F	3	1	18	5	-1
2914	F	3	1	18	6	-1
2915	F	3	1	18	7	-1
2916	F	3	1	18	8	-1
2917	F	3	1	18	9	-1
2918	F	3	1	18	10	-1
2919	F	3	1	18	11	-1
2920	F	3	1	18	12	-1
2921	F	3	1	18	13	-1
2922	F	3	1	18	14	-1
2923	F	3	1	18	15	-1
2924	F	3	1	18	16	-1
2925	F	3	1	18	17	-1
2926	F	3	1	18	18	-1
2927	F	3	1	18	19	-1
2928	F	3	1	18	20	-1
2929	F	3	1	18	21	-1
2930	F	3	1	18	22	-1
2931	F	3	1	18	23	-1
2932	F	3	1	18	24	-1
2933	F	3	1	18	25	-1
2934	F	3	1	18	26	-1
2935	F	3	1	19	0	-1
2936	F	3	1	19	1	-1
2937	F	3	1	19	2	-1
2938	F	3	1	19	3	-1
2939	F	3	1	19	4	-1
2940	F	3	1	19	5	-1
2941	F	3	1	19	6	-1
2942	F	3	1	19	7	-1
2943	F	3	1	19	8	-1
2944	F	3	1	19	9	-1
2945	F	3	1	19	10	-1
2946	F	3	1	19	11	-1
2947	F	3	1	19	12	-1
2948	F	3	1	19	13	-1
2949	F	3	1	19	14	-1
2950	F	3	1	19	15	-1
2951	F	3	1	19	16	-1
2952	F	3	1	19	17	-1
2953	F	3	1	19	18	-1
2954	F	3	1	19	19	-1
2955	F	3	1	19	20	-1
2956	F	3	1	19	21	-1
2957	F	3	1	19	22	-1
2958	F	3	1	19	23	-1
2959	F	3	1	19	24	-1
2960	F	3	1	19	25	-1
2961	F	3	1	19	26	-1
2962	F	3	1	20	0	-1
2963	F	3	1	20	1	-1
2964	F	3	1	20	2	-1
2965	F	3	1	20	3	-1
2966	F	3	1	20	4	-1
2967	F	3	1	20	5	-1
2968	F	3	1	20	6	-1
2969	F	3	1	20	7	-1
2970	F	3	1	20	8	-1
2971	F	3	1	20	9	-1
2972	F	3	1	20	10	-1
2973	F	3	1	20	11	-1
2974	F	3	1	20	12	-1
2975	F	3	1	20	13	-1
2976	F	3	1	20	14	-1
2977	F	3	1	20	15	-1
2978	F	3	1	20	16	-1
2979	F	3	1	20	17	-1
2980	F	3	1	20	18	-1
2981	F	3	1	20	19	-1
2982	F	3	1	20	20	-1
2983	F	3	1	20	21	-1
2984	F	3	1	20	22	-1
2985	F	3	1	20	23	-1
2986	F	3	1	20	24	-1
2987	F	3	1	20	25	-1
2988	F	3	1	20	26	-1
2989	F	3	1	21	0	-1
2990	F	3	1	21	1	-1
2991	F	3	1	21	2	-1
2992	F	3	1	21	3	-1
2993	F	3	1	21	4	-1
2994	F	3	1	21	5	-1
2995	F	3	1	21	6	-1
2996	F	3	1	21	7	-1
2997	F	3	1	21	8	-1
2998	F	3	1	21	9	-1
2999	F	3	1	21	10	-1
3000	F	3	1	21	11	-1
3001	F	3	1	21	12	-1
3002	F	3	1	21	13	-1
3003	F	3	1	21	14	-1
3004	F	3	1	21	15	-1
3005	F	3	1	21	16	-1
3006	F	3	1	21	17	-1
3007	F	3	1	21	18	-1
3008	F	3	1	21	19	-1
3009	F	3	1	21	20	-1
3010	F	3	1	21	21	-1
3011	F	3	1	21	22	-1
3012	F	3	1	21	23	-1
3013	F	3	1	21	24	-1
3014	F	3	1	21	25	-1
3015	F	3	1	21	26	-1
3016	F	3	1	22	0	-1
3017	F	3	1	22	1	-1
3018	F	3	1	22	2	-1
3019	F	3	1	22	3	-1
3020	F	3	1	22	4	-1
3021	F	3	1	22	5	-1
3022	F	3	1	22	6	-1
3023	F	3	1	22	7	-1
3024	F	3	1	22	8	-1
3025	F	3	1	22	9	-1
3026	F	3	1	22	10	-1
3027	F	3	1	22	11	-1
3028	F	3	1	22	12	-1
3029	F	3	1	22	13	-1
3030	F	3	1	22	14	-1
3031	F	3	1	22	15	-1
3032	F	3	1	22	16	-1
3033	F	3	1	22	17	-1
3034	F	3	1	22	18	-1
3035	F	3	1	22	19	-1
3036	F	3	1	22	20	-1
3037	F	3	1	22	21	-1
3038	F	3	1	22	22	-1
3039	F	3	1	22	23	-1
3040	F	3	1	22	24	-1
3041	F	3	1	22	25	-1
3042	F	3	1	22	26	-1
3043	F	3	1	23	0	-1
3044	F	3	1	23	1	-1
3045	F	3	1	23	2	-1
3046	F	3	1	23	3	-1
3047	F	3	1	23	4	-1
3048	F	3	1	23	5	-1
3049	F	3	1	23	6	-1
3050	F	3	1	23	7	-1
3051	F	3	1	23	8	-1
3052	F	3	1	23	9	-1
3053	F	3	1	23	10	-1
3054	F	3	1	23	11	-1
3055	F	3	1	23	12	-1
3056	F	3	1	23	13	-1
3057	F	3	1	23	14	-1
3058	F	3	1	23	15	-1
3059	F	3	1	23	16	-1
3060	F	3	1	23	17	-1
3061	F	3	1	23	18	-1
3062	F	3	1	23	19	-1
3063	F	3	1	23	20	-1
3064	F	3	1	23	21	-1
3065	F	3	1	23	22	-1
3066	F	3	1	23	23	-1
3067	F	3	1	23	24	-1
3068	F	3	1	23	25	-1
3069	F	3	1	23	26	-1
3070	F	3	1	24	0	-1
3071	F	3	1	24	1	-1
3072	F	3	1	24	2	-1
3073	F	3	1	24	3	-1
3074	F	3	1	24	4	-1
3075	F	3	1	24	5	-1
3076	F	3	1	24	6	-1
3077	F	3	1	24	7	-1
3078	F	3	1	24	8	-1
3079	F	3	1	24	9	-1
3080	F	3	1	24	10	-1
3081	F	3	1	24	11	-1
3082	F	3	1	24	12	-1
3083	F	3	1	24	13	-1
3084	F	3	1	24	14	-1
3085	F	3	1	24	15	-1
3086	F	3	1	24	16	-1
3087	F	3	1	24	17	-1
3088	F	3	1	24	18	-1
3089	F	3	1	24	19	-1
3090	F	3	1	24	20	-1
3091	F	3	1	24	21	-1
3092	F	3	1	24	22	-1
3093	F	3	1	24	23	-1
3094	F	3	1	24	24	-1
3095	F	3	1	24	25	-1
3096	F	3	1	24	26	-1
3097	F	3	1	25	0	-1
3098	F	3	1	25	1	-1
3099	F	3	1	25	2	-1
3100	F	3	1	25	3	-1
3101	F	3	1	25	4	-1
3102	F	3	1	25	5	-1
3103	F	3	1	25	6	-1
3104	F	3	1	25	7	-1
3105	F	3	1	25	8	-1
3106	F	3	1	25	9	-1
3107	F	3	1	25	10	-1
3108	F	3	1	25	11	-1
3109	F	3	1	25	12	-1
3110	F	3	1	25	13	-1
3111	F	3	1	25	14	-1
3112	F	3	1	25	15	-1
3113	F	3	1	25	16	-1
3114	F	3	1	25	17	-1
3115	F	3	1	25	18	-1
3116	F	3	1	25	19	-1
3117	F	3	1	25	20	-1
3118	F	3	1	25	21	-1
3119	F	3	1	25	22	-1
3120	F	3	1	25	23	-1
3121	F	3	1	25	24	-1
3122	F	3	1	25	25	-1
3123	F	3	1	25	26	-1
3124	F	3	1	26	0	-1
3125	F	3	1	26	1	-1
3126	F	3	1	26	2	-1
3127	F	3	1	26	3	-1
3128	F	3	1	26	4	-1
3129	F	3	1	26	5	-1
3130	F	3	1	26	6	-1
3131	F	3	1	26	7	-1
3132	F	3	1	26	8	-1
3133	F	3	1	26	9	-1
3134	F	3	1	26	10	-1
3135	F	3	1	26	11	-1
3136	F	3	1	26	12	-1
3137	F	3	1	26	13	-1
3138	F	3	1	26	14	-1
3139	F	3	1	26	15	-1
3140	F	3	1	26	16	-1
3141	F	3	1	26	17	-1
3142	F	3	1	26	18	-1
3143	F	3	1	26	19	-1
3144	F	3	1	26	20	-1
3145	F	3	1	26	21	-1
3146	F	3	1	26	22	-1
3147	F	3	1	26	23	-1
3148	F	3	1	26	24	-1
3149	F	3	1	26	25	-1
3150	F	3	1	26	26	-1
3151	F	3	1	27	0	-1
3152	F	3	1	27	1	-1
3153	F	3	1	27	2	-1
3154	F	3	1	27	3	-1
3155	F	3	1	27	4	-1
3156	F	3	1	27	5	-1
3157	F	3	1	27	6	-1
3158	F	3	1	27	7	-1
3159	F	3	1	27	8	-1
3160	F	3	1	27	9	-1
3161	F	3	1	27	10	-1
3162	F	3	1	27	11	-1
3163	F	3	1	27	12	-1
3164	F	3	1	27	13	-1
3165	F	3	1	27	14	-1
3166	F	3	1	27	15	-1
3167	F	3	1	27	16	-1
3168	F	3	1	27	17	-1
3169	F	3	1	27	18	-1
3170	F	3	1	27	19	-1
3171	F	3	1	27	20	-1
3172	F	3	1	27	21	-1
3173	F	3	1	27	22	-1
3174	F	3	1	27	23	-1
3175	F	3	1	27	24	-1
3176	F	3	1	27	25	-1
3177	F	3	1	27	26	-1
3178	F	3	1	28	0	-1
3179	F	3	1	28	1	-1
3180	F	3	1	28	2	-1
3181	F	3	1	28	3	-1
3182	F	3	1	28	4	-1
3183	F	3	1	28	5	-1
3184	F	3	1	28	6	-1
3185	F	3	1	28	7	-1
3186	F	3	1	28	8	-1
3187	F	3	1	28	9	-1
3188	F	3	1	28	10	-1
3189	F	3	1	28	11	-1
3190	F	3	1	28	12	-1
3191	F	3	1	28	13	-1
3192	F	3	1	28	14	-1
3193	F	3	1	28	15	-1
3194	F	3	1	28	16	-1
3195	F	3	1	28	17	-1
3196	F	3	1	28	18	-1
3197	F	3	1	28	19	-1
3198	F	3	1	28	20	-1
3199	F	3	1	28	21	-1
3200	F	3	1	28	22	-1
3201	F	3	1	28	23	-1
3202	F	3	1	28	24	-1
3203	F	3	1	28	25	-1
3204	F	3	1	28	26	-1
3205	N	-1	0	-1	-1	-1
