  -1   14  987  406       -1   15  702   -1      348   -1   25  376
 791  136  548  422       -1   -1   61 1221     1144  443  186  712
 522   58  414  369      113   -1 1165 1096      449  893  418   65
 779   17  710 1104     1008  621   -1  184      552  384    6  530
  -1  256  724  831       62  385 1081 1238      935  380   51  750
 426   -1   29  386       45   -1   -1  908      844   -1   -1   30
 586  794  252 1005     1172 1173  635    2      906   -1 1167   -1
 132 1132  580  500      585 1246  640  109      371 1006  450  202
 104  560  855 1004       33   -1 1253  660      988   -1 1174   -1
 482   -1  806   40      306   -1 1064   -1       -1 1206 1099  234
 479  979 1228  101       -1  936  165  678      685   -1  730  258
 714  230 1177 1000      826  105  839  758       -1   -1   -1   81
 226  367  846  577       -1   -1 1199   59      266   -1  544 1002
 787 1154 1183  318      453   -1  398   21      361  107  499  518
  -1   76   -1  565      790  320 1001 1018       -1 1055  572   55
  35  370  416  822       12   -1  934  390      392  880  480   57
 143  725  428  553       -1   -1   -1   28      562  427  998   24
  -1  368   -1    7      948    1   -1  666      820  178   -1   -1
  -1   -1  907   -1      785   -1  631    9      602  288  852  990
  -1  494  166  943       -1   -1   -1  851       -1  183  709 1113
  -1  766  898  840      803  808   78  773       -1   83 1140   -1
1214  697  974  250       -1  291   -1  999      768 1048  668  248
1213  911  912   -1      455   50   -1  366      515   -1  527  240
 340   -1  891  881     1057   -1   43  717       85  357  699  541
 356  396  432    8      555   26 1071  864       -1 1019  777  859
1209  657  692   79      680 1031  904  229       42  642  465  379
 738  767   99  836      224  857   -1  512       98  540  867  597
  54   -1  931 1157     1061  985   -1  713      372   -1  689   48
 944  290 1075 1103      960  403  528  130       -1   -1   -1  927
  -1  625  501   89      610   -1  784  208       -1 1038  276 1122
 405   -1  559  138      624   -1   70  976      438  342  388    0
  -1   -1   -1  922      888 1070   -1   -1      889  667  365    5
 804   -1  833  181      207  848  811  772       -1   -1   -1   80
 566  430  462   60       -1   71   -1 1249      764  275  871  741
1219  295  457 1162       -1  110   -1   -1      842  473  196   -1
 223   -1  502 1035      249  656  592  594       -1   -1   -1   92
  -1   -1   -1  305      729  672 1133  273      609   -1 1121  283
1118  491  206  439      975  469  498   47      298  782 1120   -1
 669  963  272   -1      993  641   -1 1117      589  131  949  488
 788   -1  801  253       95  728   -1   -1     1110   -1 1024  319
  -1   -1  719  325     1027  523  195  964     1049    3   -1  828
 860   -1  387  171       -1   -1  733   -1       -1   -1 1100   82
 658  716  606  124     1205  626  569   49      956  953  775  686
 896  959   -1 1178     1201  800  345  297       -1  160 1212  389
1146   18 1063  547       -1  679  407  125       37  986  650  429
 504   -1  760  215      349   97  623  603     1023   -1 1244   31
 187   -1   -1 1060      152  375  481  413      341   -1 1009  795
 456  646  543   41      278 1156 1190 1106      643  219  995  574
  -1  168  807  647      821  421 1225  883      351  139  513  583
  96   -1  876 1224      191  874  887  415       -1   -1   -1 1020
 346  347  474  116     1151   -1  715  216      242   -1  796  495
 312   -1   -1   -1     1094  177 1240 1241      434  763  373  147
1131  478  604  212      459  551  770  118      832  331   -1 1226
1111  244   -1 1098      245   -1  813  674      419  587  957  210
1062  783  937   20      925   -1  322   -1      235   -1  870  591
  77  665 1153 1010     1021  655   23  350      521  247   -1   -1
 823   -1  317  664       11   -1  391  590     1130   -1 1093  824
 997  483  514  149       38  705  408  737      901   -1   -1   -1
  -1  218 1084  843      616   -1   93   -1      433   -1  174 1149
 238 1168 1169 1170      942  958   -1   -1      704 1105   -1  161
 947  265  825  972     1196   -1  237  708      180  873  802  809
 644  534   32  359      475  698  895  190     1072  120  460  409
 496   -1  200  639     1115  205  533  487      718  690  550  217
 344  535  354  119     1080   -1 1124   -1      731 1181   -1  321
 302   -1  538  847      743   -1 1056  978      236  442 1015  830
 241   -1 1030  945      856   -1   -1   -1       -1   -1   -1  765
1210  608   -1  269       88  431   -1   -1      561   -1   -1  281
  34   -1  759  571      578   -1  103  444       -1  446  440   22
1175  259   -1 1176       -1  303  693   -1     1045  164  676  378
1123   -1   -1  950       -1 1097   -1   -1      399 1193  688  111
1126 1135  179  600     1203  285  757  613      334   -1   -1  992
 854  865   -1   -1      946   -1   -1  264      100  531  749 1119
 466   -1  929   66      262  564  862 1179      485 1166  476  201
 841  706  268  721     1160   64 1215  769     1007  220   -1  913
 786 1042  209  636      818   -1 1040  417     1138  596 1066  277
 970  151   -1  526      634  497  452  176      748   -1   -1 1188
 890  128  437  381      628  467  683  228     1139  197  691  863
1180   -1 1079 1143      156  711  996  845       -1   63  645   -1
 735 1046  157  588      648  232  638  671       -1   -1  338   -1
  -1  199   -1   -1      257   -1  582  537      148  382  400  468
 754 1059 1227  323      961  869 1242 1243      630  401   67  877
 930  745   -1  233      662   -1  188  920     1065  762 1109  286
 921  980  141  358      751   -1   -1 1108      632  673  374  129
 280  819  966  734       -1  653   -1   -1      270  549  962  755
1090   -1  271   -1      827  154  412  581       36  781  529  918
 545  558  620  182     1112  532   84  554     1026  977   52 1073
  16 1092  736  539      923  121 1142  875      866   -1  377  150
 834  622   -1  309      447   -1  299   -1      326   -1 1058  938
 123   -1  524  477     1003 1050  193  605      778   -1   -1   -1
  68  789  484  423       -1   94  835  471      941   73 1107  649
  -1  989  723  313      294   -1  982  894      517   -1  214  739
 516  137  617  508     1252   -1   -1 1087      411   -1  170  451
 815   -1  267 1147      519   -1 1043   87       -1   -1  601   -1
 991   -1   -1   -1     1202   -1   -1   10      595   -1  337 1237
  -1   56   -1  805       -1   -1  792  292     1068  293  629  598
1161  861 1216   -1       -1   -1   -1  300      506   27  393  364
 260   -1  933  435      425   -1  663    4      879   -1 1248  153
1086  732 1022  327      637  282  780 1239      114  798  882  573
1197   -1   -1   -1      940   -1 1116  251       -1  973   -1   -1
 505  816 1136  203       -1  335   -1  771      189   -1  994  355
 774   -1  255   -1     1044 1148 1171  968      360   -1  701  102
 211   -1  858  829      222   -1   -1  919     1012  612  112  793
1077  917  905   13     1127   -1   -1  301      611  227 1014  969
 776   -1  284  886       -1 1017 1013  213      885  336 1052   -1
1074   69 1150 1101      670   -1 1053  700      720   44 1125  687
 463   91 1039  568      817 1184  383  144       -1   -1  849  955
 575   -1  965  231      952   -1  307  799     1208  106 1114  853
 742   -1  198  983     1152 1182   -1  707       -1   -1  315 1198
 910  204 1231 1232      397  394  353  172     1037 1229 1230   -1
 984  812  194  492      441   -1   -1  192      899 1137 1025 1191
 509  740  838  158      395   -1 1247  140     1085  684  932   86
 752  436  159  563     1195  175   -1   -1      448  167 1095  599
1029  753 1200  246      343   -1  510  134     1128  363 1155  324
 310   -1 1034  461      489  924  756  311       -1  332   -1  633
  -1   -1 1164  333      542  155  567  810      493  915  614  117
 362   -1  486  142      470  133  618  619      254   -1  654  744
 122 1245   -1  546      458   -1  981   90       -1  627 1076  314
 726  173  445  556       -1   -1 1078  296       -1  520  420  127
 274   -1 1047   -1      746 1069 1163  221     1158  914  747  287
 659 1088  145  584      225   -1  661  490     1194   -1 1041   -1
 903   -1  884  316     1233  263   -1   -1     1016   -1  967   19
  74   -1  576  503      135 1054   -1  607      814   -1   39  404
 304  677 1082 1051      308  868 1192  797      696  261   -1   -1
 850  694   53  681       -1  695   -1   -1      652  243  916  593
1211  536  472  239      951  185   -1  511     1134  169  682  722
  -1  108   -1  615       -1   -1   -1  339       -1 1235 1141  703
1204  570  352  126      464  163  557  902     1159   -1   -1  926
  75  410  897  402       -1   -1  939   -1      454  675  507  146
  -1  727 1089   72       -1  579  892  289     1028   -1 1032  837
  -1   -1  328 1250      329   -1   -1   -1     1036  900   -1   -1
 525   -1   46  424      909  279 1011  651      162   -1   -1  761
  -1   -1   -1 1185       -1 1234   -1   -1       -1   -1   -1 1220
  -1   -1 1186   -1      872 1091 1102 1189      928  954  330 1067
1129 1222   -1 1223       -1   -1 1083   -1     1217 1218   -1 1145
 878  971   -1 1033      115   -1   -1   -1     1187   -1   -1   -1
1207   -1   -1   -1       -1 1236   -1   -1       -1   -1   -1 1251