     0      1    200    201    202    203 
     2      3    204    205    206    207 
     4      5    208    209    210    211 
     6      7    212    213    214    215 
     8      9    216    217    218    219 
    10     11    220    221    222    223 
    12     13    224    225    226    227 
    14     15    228    229    230    231 
    16     17    200    201    202    203 
    18     19    232    233    234    235 
    20     21    228    229    230    231 
    22     23    236    237    238    239 
    24     25    240    241    242    243 
    26     27    244    245    246    247 
    28     29    212    213    214    215 
    30     31    248    249    250    251 
    32     33    252    253    254    255 
    34     35    256    257    258    259 
    36     37    260    261    262    263 
    38     39    216    217    218    219 
    40     41    228    229    230    231 
    42     43    264    265    266    267 
    44     45    268    269    270    271 
    46     47    272    273    274    275 
    48     49    228    229    230    231 
    50     51    276    277    278    279 
    52     53    280    281    282    283 
    54     55    284    285    286    287 
    56     57    288    289    290    291 
    58     59    292    293    294    295 
    60     61    296    297    298    299 
    54     55    300    301    302    303 
    54     55    304    305    306    307 
    62     63    308    309    310    311 
    64     65    312    313    314    315 
    66     67    240    241    242    243 
    68     69    316    317    318    319 
    70     71    320    321    322    323 
    72     73    316    317    318    319 
    74     75    324    325    326    327 
    76     77    328    329    330    331 
    78     79    208    209    210    211 
    80     81    332    333    334    335 
    82     83    336    337    338    339 
    84     85    340    341    342    343 
    86     87    344    345    346    347 
    32     33    348    349    350    351 
    88     89    216    217    218    219 
    90     91    220    221    222    223 
    92     93    352    353    354    355 
    94     95    356    357    358    359 
    96     97    360    361    362    363 
    98     99    324    325    326    327 
   100    101    364    365    366    367 
   102    103    368    369    370    371 
   104    105    208    209    210    211 
   106    107    372    373    374    375 
   108    109    228    229    230    231 
   110    111    376    377    378    379 
   112    113    300    301    302    303 
   114    115    208    209    210    211 
   116    117    380    381    382    383 
   118    119    384    385    386    387 
   120    121    388    389    390    391 
   122    123    388    389    390    391 
   124    125    392    393    394    395 
   126    127    396    397    398    399 
   128    129    304    305    306    307 
    84     85    400    401    402    403 
   130    131    404    405    406    407 
   132    133    276    277    278    279 
   134    135    204    205    206    207 
   136    137    392    393    394    395 
   138    139    372    373    374    375 
   140    141    408    409    410    411 
    54     55    412    413    414    415 
   142    143    416    417    418    419 
   144    145    420    421    422    423 
   146    147    424    425    426    427 
   148    149    208    209    210    211 
   150    151    228    229    230    231 
   152    153    228    229    230    231 
   154    155    264    265    266    267 
   156    157    416    417    418    419 
   158    159    428    429    430    431 
   160    161    432    433    434    435 
   110    111    436    437    438    439 
   162    163    396    397    398    399 
   164    165    240    241    242    243 
   166    167    440    441    442    443 
   168    169    444    445    446    447 
   170    171    448    449    450    451 
   172    173    228    229    230    231 
   174    175    452    453    454    455 
   176    177    456    457    458    459 
   178    179    460    461    462    463 
   180    181    464    465    466    467 
    12     13    256    257    258    259 
   182    183    468    469    470    471 
   184    185    304    305    306    307 
   186    187    240    241    242    243 
   188    189    472    473    474    475 
   190    191    476    477    478    479 
    68     69    324    325    326    327 
   192    193    480    481    482    483 
   118    119    484    485    486    487 
   194    195    488    489    490    491 
    72     73    492    493    494    495 
   196    197    496    497    498    499 
    12     13    500    501    502    503 
   198    199    448    449    450    451 
    32     33    352    353    354    355 
   106    107    428    429    430    431 
    54     55    504    505    506    507 
   168    169    368    369    370    371 
    12     13    508    509    510    511 
    32     33    512    513    514    515 
    96     97    440    441    442    443 
    94     95    296    297    298    299 
    12     13    512    513    514    515 
    92     93    516    517    518    519 
    52     53    212    213    214    215 
   178    179    520    521    522    523 
    32     33    524    525    526    527 
    18     19    512    513    514    515 
    30     31    528    529    530    531 
    92     93    512    513    514    515 
    92     93    532    533    534    535 
   110    111    340    341    342    343 
    62     63    208    209    210    211 
    38     39    476    477    478    479 
   178    179    516    517    518    519 
    32     33    536    537    538    539 
    40     41    212    213    214    215 
    32     33    528    529    530    531 
   102    103    540    541    542    543 
    22     23    496    497    498    499 
    12     13    516    517    518    519 
    46     47    544    545    546    547 
   178    179    404    405    406    407 
   110    111    548    549    550    551 
    12     13    552    553    554    555 
    32     33    556    557    558    559 
    40     41    480    481    482    483 
    38     39    560    561    562    563 
    22     23    304    305    306    307 
   178    179    528    529    530    531 
   178    179    532    533    534    535 
    34     35    564    565    566    567 
    54     55    568    569    570    571 
    18     19    528    529    530    531 
   190    191    372    373    374    375 
   178    179    564    565    566    567 
     8      9    328    329    330    331 
   118    119    572    573    574    575 
    34     35    260    261    262    263 
    60     61    576    577    578    579 
    76     77    428    429    430    431 
    12     13    352    353    354    355 
    98     99    580    581    582    583 
    30     31    516    517    518    519 
    84     85    548    549    550    551 
    78     79    576    577    578    579 
    34     35    516    517    518    519 
    92     93    584    585    586    587 
    78     79    588    589    590    591 
     6      7    592    593    594    595 
    70     71    280    281    282    283 
    92     93    260    261    262    263 
     6      7    280    281    282    283 
    74     75    580    581    582    583 
    54     55    244    245    246    247 
    32     33    596    597    598    599 
    12     13    260    261    262    263 
   130    131    600    601    602    603 
    86     87    604    605    606    607 
    86     87    440    441    442    443 
   128    129    608    609    610    611 
   100    101    516    517    518    519 
   120    121    580    581    582    583 
   106    107    316    317    318    319 
    64     65    476    477    478    479 
    54     55    612    613    614    615 
   194    195    416    417    418    419 
   178    179    616    617    618    619 
    96     97    620    621    622    623 
   158    159    624    625    626    627 
   130    131    520    521    522    523 
    14     15    628    629    630    631 
   130    131    384    385    386    387 
    12     13    616    617    618    619 
    50     51    464    465    466    467 
    64     65    216    217    218    219 
   138    139    428    429    430    431 
   130    131    632    633    634    635 
    36     37    632    633    634    635 
    26     27    304    305    306    307 
   122    123    636    637    638    639 
    42     43    640    641    642    643 
   154    155    280    281    282    283 
    38     39    580    581    582    583 
   178    179    352    353    354    355 
    68     69    560    561    562    563 
    74     75    476    477    478    479 
    34     35    584    585    586    587 
    30     31    572    573    574    575 
    68     69    624    625    626    627 
   128    129    576    577    578    579 
   130    131    232    233    234    235 
    34     35    552    553    554    555 
    60     61    208    209    210    211 
    86     87    644    645    646    647 
    94     95    244    245    246    247 
   148    149    612    613    614    615 
   140    141    624    625    626    627 
    76     77    444    445    446    447 
    26     27    296    297    298    299 
    72     73    444    445    446    447 
    92     93    248    249    250    251 
    80     81    648    649    650    651 
    66     67    488    489    490    491 
   100    101    352    353    354    355 
   134    135    480    481    482    483 
    22     23    308    309    310    311 
   174    175    332    333    334    335 
    38     39    312    313    314    315 
    70     71    652    653    654    655 
    80     81    608    609    610    611 
    94     95    208    209    210    211 
    74     75    560    561    562    563 
    98     99    656    657    658    659 
   102    103    444    445    446    447 
   190    191    388    389    390    391 
   138    139    444    445    446    447 
    92     93    596    597    598    599 
    52     53    660    661    662    663 
    88     89    312    313    314    315 
   102    103    428    429    430    431 
   168    169    316    317    318    319 
   146    147    444    445    446    447 
   126    127    392    393    394    395 
    76     77    316    317    318    319 
    22     23    664    665    666    667 
    94     95    608    609    610    611 
   158    159    492    493    494    495 
    82     83    240    241    242    243 
   112    113    568    569    570    571 
    88     89    492    493    494    495 
     8      9    560    561    562    563 
    12     13    520    521    522    523 
   122    123    476    477    478    479 
   144    145    296    297    298    299 
    96     97    668    669    670    671 
    24     25    392    393    394    395 
    62     63    236    237    238    239 
   112    113    672    673    674    675 
   106    107    388    389    390    391 
   140    141    312    313    314    315 
    60     61    612    613    614    615 
   172    173    280    281    282    283 
    46     47    320    321    322    323 
    62     63    496    497    498    499 
    98     99    408    409    410    411 
    84     85    620    621    622    623 
    18     19    352    353    354    355 
    34     35    484    485    486    487 
   140    141    540    541    542    543 
   118    119    552    553    554    555 
   190    191    428    429    430    431 
   148    149    676    677    678    679 
   100    101    564    565    566    567 
    62     63    680    681    682    683 
    88     89    428    429    430    431 
   146    147    560    561    562    563 
    78     79    308    309    310    311 
    94     95    648    649    650    651 
    20     21    628    629    630    631 
   148    149    244    245    246    247 
    48     49    320    321    322    323 
   174    175    684    685    686    687 
   128    129    664    665    666    667 
   174    175    612    613    614    615 
   118    119    516    517    518    519 
    60     61    676    677    678    679 
    64     65    428    429    430    431 
    20     21    688    689    690    691 
   168    169    560    561    562    563 
    30     31    352    353    354    355 
   186    187    488    489    490    491 
     2      3    692    693    694    695 
   136    137    416    417    418    419 
    36     37    256    257    258    259 
   122    123    216    217    218    219 
   158    159    388    389    390    391 
    48     49    480    481    482    483 
    36     37    584    585    586    587 
    28     29    228    229    230    231 
   106    107    328    329    330    331 
    80     81    420    421    422    423 
   174    175    680    681    682    683 
   112    113    244    245    246    247 
    80     81    244    245    246    247 
    68     69    540    541    542    543 
   146    147    492    493    494    495 
    34     35    520    521    522    523 
   166    167    548    549    550    551 
    62     63    696    697    698    699 
   132    133    336    337    338    339 
    94     95    420    421    422    423 
   192    193    264    265    266    267 
   178    179    700    701    702    703 
   112    113    296    297    298    299 
     2      3    652    653    654    655 
   146    147    216    217    218    219 
    36     37    232    233    234    235 
   108    109    640    641    642    643 
   112    113    676    677    678    679 
   112    113    304    305    306    307 
   144    145    244    245    246    247 
    22     23    300    301    302    303 
   190    191    492    493    494    495 
   144    145    208    209    210    211 
   102    103    424    425    426    427 
   100    101    528    529    530    531 
    44     45    228    229    230    231 
    22     23    676    677    678    679 
   112    113    696    697    698    699 
     8      9    444    445    446    447 
   134    135    640    641    642    643 
     6      7    660    661    662    663 
    54     55    704    705    706    707 
   192    193    212    213    214    215 
   156    157    488    489    490    491 
    78     79    676    677    678    679 
    62     63    664    665    666    667 
    94     95    708    709    710    711 
     8      9    656    657    658    659 
    78     79    704    705    706    707 
   176    177    672    673    674    675 
   176    177    244    245    246    247 
   162    163    464    465    466    467 
    22     23    696    697    698    699 
     0      1    712    713    714    715 
    32     33    384    385    386    387 
    12     13    564    565    566    567 
   106    107    580    581    582    583 
    32     33    564    565    566    567 
    32     33    572    573    574    575 
    50     51    240    241    242    243 
    12     13    524    525    526    527 
    46     47    228    229    230    231 
   178    179    716    717    718    719 
    92     93    632    633    634    635 
    32     33    552    553    554    555 
    12     13    632    633    634    635 
   130    131    528    529    530    531 
    16     17    432    433    434    435 
   160    161    712    713    714    715 
    12     13    596    597    598    599 
    54     55    208    209    210    211 
   190    191    316    317    318    319 
    72     73    540    541    542    543 
    32     33    520    521    522    523 
    44     45    204    205    206    207 
    54     55    720    721    722    723 
    10     11    292    293    294    295 
    94     95    724    725    726    727 
    70     71    688    689    690    691 
    14     15    204    205    206    207 
   110    111    440    441    442    443 
    66     67    416    417    418    419 
    68     69    408    409    410    411 
    90     91    728    729    730    731 
   178    179    732    733    734    735 
    62     63    304    305    306    307 
   178    179    572    573    574    575 
    50     51    396    397    398    399 
    18     19    736    737    738    739 
    92     93    740    741    742    743 
    80     81    208    209    210    211 
    96     97    604    605    606    607 
   110    111    744    745    746    747 
    34     35    572    573    574    575 
    38     39    428    429    430    431 
    12     13    748    749    750    751 
   118    119    260    261    262    263 
    58     59    220    221    222    223 
    54     55    452    453    454    455 
     0      1    752    753    754    755 
    30     31    232    233    234    235 
    24     25    396    397    398    399 
    22     23    672    673    674    675 
   108    109    660    661    662    663 
    54     55    756    757    758    759 
    32     33    404    405    406    407 
   110    111    760    761    762    763 
    16     17    712    713    714    715 
    32     33    716    717    718    719 
    42     43    592    593    594    595 
    32     33    764    765    766    767 
    34     35    632    633    634    635 
   128    129    456    457    458    459 
    54     55    768    769    770    771 
    38     39    656    657    658    659 
    74     75    444    445    446    447 
    46     47    480    481    482    483 
    28     29    692    693    694    695 
    30     31    736    737    738    739 
    72     73    424    425    426    427 
    92     93    232    233    234    235 
    54     55    772    773    774    775 
    74     75    540    541    542    543 
   118    119    632    633    634    635 
   178    179    512    513    514    515 
   110    111    380    381    382    383 
    50     51    392    393    394    395 
    66     67    276    277    278    279 
    78     79    300    301    302    303 
   124    125    336    337    338    339 
    60     61    332    333    334    335 
    92     93    732    733    734    735 
   138    139    492    493    494    495 
    22     23    244    245    246    247 
    84     85    440    441    442    443 
    32     33    740    741    742    743 
     8      9    368    369    370    371 
    58     59    728    729    730    731 
    48     49    204    205    206    207 
    40     41    628    629    630    631 
    70     71    692    693    694    695 
   114    115    456    457    458    459 
   164    165    416    417    418    419 
    16     17    752    753    754    755 
   130    131    764    765    766    767 
   178    179    524    525    526    527 
    46     47    692    693    694    695 
    98     99    492    493    494    495 
   110    111    668    669    670    671 
     0      1    432    433    434    435 
    68     69    216    217    218    219 
    44     45    776    777    778    779 
    64     65    368    369    370    371 
    88     89    388    389    390    391 
   158    159    372    373    374    375 
    68     69    444    445    446    447 
    12     13    736    737    738    739 
    44     45    780    781    782    783 
   174    175    420    421    422    423 
    70     71    480    481    482    483 
   124    125    464    465    466    467 
    68     69    428    429    430    431 
    74     75    328    329    330    331 
    86     87    380    381    382    383 
    42     43    652    653    654    655 
   178    179    384    385    386    387 
    94     95    696    697    698    699 
    78     79    332    333    334    335 
    36     37    348    349    350    351 
   168    169    312    313    314    315 
    94     95    664    665    666    667 
    92     93    784    785    786    787 
   178    179    740    741    742    743 
   114    115    304    305    306    307 
   170    171    468    469    470    471 
    34     35    536    537    538    539 
    80     81    304    305    306    307 
   126    127    240    241    242    243 
    94     95    456    457    458    459 
    34     35    512    513    514    515 
    88     89    372    373    374    375 
    40     41    320    321    322    323 
   176    177    208    209    210    211 
   146    147    324    325    326    327 
    26     27    456    457    458    459 
    32     33    632    633    634    635 
    12     13    252    253    254    255 
   178    179    600    601    602    603 
    32     33    532    533    534    535 
    94     95    496    497    498    499 
   188    189    468    469    470    471 
   108    109    272    273    274    275 
   178    179    632    633    634    635 
    76     77    540    541    542    543 
    54     55    648    649    650    651 
    84     85    380    381    382    383 
   178    179    764    765    766    767 
    32     33    364    365    366    367 
    30     31    512    513    514    515 
   178    179    232    233    234    235 
   112    113    664    665    666    667 
    38     39    444    445    446    447 
    68     69    372    373    374    375 
   130    131    512    513    514    515 
    96     97    400    401    402    403 
     6      7    688    689    690    691 
    22     23    296    297    298    299 
    38     39    540    541    542    543 
    86     87    376    377    378    379 
    88     89    624    625    626    627 
    72     73    580    581    582    583 
    32     33    232    233    234    235 
   166    167    380    381    382    383 
    22     23    788    789    790    791 
   140    141    560    561    562    563 
    76     77    312    313    314    315 
    74     75    316    317    318    319 
    54     55    792    793    794    795 
   178    179    736    737    738    739 
    12     13    232    233    234    235 
    12     13    764    765    766    767 
    32     33    736    737    738    739 
    96     97    436    437    438    439 
   174    175    208    209    210    211 
   178    179    552    553    554    555 
    54     55    788    789    790    791 
   126    127    464    465    466    467 
    12     13    536    537    538    539 
   140    141    368    369    370    371 
    72     73    328    329    330    331 
   162    163    240    241    242    243 
    92     93    256    257    258    259 
    88     89    540    541    542    543 
   110    111    400    401    402    403 
    36     37    572    573    574    575 
    32     33    732    733    734    735 
    32     33    700    701    702    703 
   190    191    216    217    218    219 
   126    127    336    337    338    339 
    38     39    424    425    426    427 
    68     69    424    425    426    427 
    12     13    796    797    798    799 
   186    187    416    417    418    419 
   158    159    636    637    638    639 
    30     31    632    633    634    635 
    54     55    456    457    458    459 
    12     13    572    573    574    575 
   146    147    388    389    390    391 
   140    141    444    445    446    447 
    68     69    580    581    582    583 
    32     33    616    617    618    619 
   182    183    448    449    450    451 
   160    161    200    201    202    203 
    34     35    384    385    386    387 
    78     79    304    305    306    307 
   140    141    580    581    582    583 
    54     55    236    237    238    239 
   178    179    556    557    558    559 
    36     37    528    529    530    531 
    22     23    452    453    454    455 
   100    101    572    573    574    575 
    72     73    324    325    326    327 
    94     95    684    685    686    687 
    12     13    800    801    802    803 
    40     41    544    545    546    547 
   158    159    560    561    562    563 
    52     53    480    481    482    483 
    12     13    528    529    530    531 
    34     35    784    785    786    787 
    54     55    608    609    610    611 
    46     47    628    629    630    631 
   192    193    280    281    282    283 
   174    175    236    237    238    239 
    48     49    660    661    662    663 
    98     99    328    329    330    331 
    98     99    636    637    638    639 
   142    143    396    397    398    399 
   114    115    332    333    334    335 
    34     35    736    737    738    739 
   170    171    472    473    474    475 
    92     93    600    601    602    603 
    92     93    572    573    574    575 
    64     65    444    445    446    447 
   104    105    304    305    306    307 
   168    169    216    217    218    219 
    80     81    568    569    570    571 
   102    103    312    313    314    315 
   140    141    428    429    430    431 
    70     71    264    265    266    267 
    68     69    312    313    314    315 
     2      3    212    213    214    215 
    32     33    784    785    786    787 
   118    119    512    513    514    515 
   140    141    324    325    326    327 
   178    179    596    597    598    599 
    22     23    208    209    210    211 
    12     13    460    461    462    463 
    96     97    644    645    646    647 
    60     61    456    457    458    459 
    76     77    560    561    562    563 
   178    179    536    537    538    539 
    22     23    612    613    614    615 
    52     53    228    229    230    231 
    12     13    364    365    366    367 
    94     95    612    613    614    615 
    12     13    556    557    558    559 
    78     79    696    697    698    699 
   148    149    496    497    498    499 
   182    183    472    473    474    475 
   158    159    444    445    446    447 
    70     71    544    545    546    547 
   120    121    328    329    330    331 
    48     49    592    593    594    595 
   186    187    464    465    466    467 
    12     13    532    533    534    535 
    94     95    452    453    454    455 
   138    139    560    561    562    563 
    18     19    632    633    634    635 
   102    103    328    329    330    331 
   148    149    804    805    806    807 
    60     61    420    421    422    423 
   130    131    536    537    538    539 
    80     81    236    237    238    239 
   106    107    636    637    638    639 
    20     21    264    265    266    267 
    96     97    380    381    382    383 
   196    197    244    245    246    247 
   174    175    576    577    578    579 
    12     13    784    785    786    787 
    40     41    640    641    642    643 
    40     41    692    693    694    695 
    54     55    672    673    674    675 
   178    179    808    809    810    811 
   192    193    688    689    690    691 
    12     13    732    733    734    735 
   132    133    240    241    242    243 
   166    167    376    377    378    379 
    92     93    484    485    486    487 
    36     37    516    517    518    519 
    94     95    332    333    334    335 
   158    159    324    325    326    327 
   128    129    332    333    334    335 
    18     19    784    785    786    787 
    62     63    332    333    334    335 
   156    157    392    393    394    395 
    86     87    400    401    402    403 
     4      5    304    305    306    307 
    34     35    596    597    598    599 
   118    119    536    537    538    539 
   190    191    324    325    326    327 
    38     39    328    329    330    331 
    12     13    812    813    814    815 
     2      3    280    281    282    283 
    80     81    456    457    458    459 
    80     81    308    309    310    311 
    54     55    332    333    334    335 
   120    121    324    325    326    327 
    78     79    456    457    458    459 
    92     93    528    529    530    531 
   190    191    312    313    314    315 
   138    139    216    217    218    219 
    70     71    640    641    642    643 
   174    175    296    297    298    299 
    94     95    236    237    238    239 
   150    151    280    281    282    283 
    62     63    672    673    674    675 
    46     47    204    205    206    207 
    12     13    248    249    250    251 
   148    149    456    457    458    459 
    18     19    564    565    566    567 
    22     23    332    333    334    335 
    62     63    568    569    570    571 
    38     39    324    325    326    327 
    14     15    480    481    482    483 
     8      9    624    625    626    627 
   112    113    208    209    210    211 
   144    145    804    805    806    807 
     2      3    228    229    230    231 
    10     11    816    817    818    819 
     8      9    428    429    430    431 
    88     89    408    409    410    411 
    26     27    236    237    238    239 
   190    191    444    445    446    447 
   146    147    636    637    638    639 
    62     63    456    457    458    459 
    82     83    396    397    398    399 
   178    179    260    261    262    263 
    92     93    348    349    350    351 
    34     35    248    249    250    251 
    78     79    296    297    298    299 
    30     31    260    261    262    263 
    74     75    408    409    410    411 
   100    101    556    557    558    559 
     6      7    628    629    630    631 
    94     95    304    305    306    307 
   110    111    620    621    622    623 
    60     61    236    237    238    239 
    74     75    216    217    218    219 
    84     85    744    745    746    747 
    32     33    600    601    602    603 
    90     91    292    293    294    295 
    72     73    388    389    390    391 
   122    123    428    429    430    431 
   148    149    304    305    306    307 
   146    147    580    581    582    583 
   100    101    248    249    250    251 
    34     35    820    821    822    823 
    62     63    576    577    578    579 
   122    123    656    657    658    659 
    12     13    808    809    810    811 
   160    161    752    753    754    755 
    26     27    612    613    614    615 
   190    191    424    425    426    427 
    30     31    364    365    366    367 
   176    177    296    297    298    299 
    84     85    760    761    762    763 
    72     73    656    657    658    659 
   190    191    636    637    638    639 
   144    145    612    613    614    615 
   102    103    560    561    562    563 
   194    195    276    277    278    279 
    34     35    732    733    734    735 
    60     61    496    497    498    499 
   158    159    216    217    218    219 
   138    139    476    477    478    479 
    98     99    316    317    318    319 
    26     27    588    589    590    591 
    18     19    572    573    574    575 
    82     83    392    393    394    395 
    72     73    312    313    314    315 
    22     23    680    681    682    683 
    84     85    644    645    646    647 
   190    191    560    561    562    563 
     6      7    544    545    546    547 
   146    147    624    625    626    627 
   106    107    324    325    326    327 
    40     41    280    281    282    283 
    12     13    384    385    386    387 
   136    137    488    489    490    491 
   178    179    820    821    822    823 
   146    147    408    409    410    411 
    60     61    672    673    674    675 
   144    145    332    333    334    335 
     8      9    388    389    390    391 
    92     93    824    825    826    827 
   128    129    296    297    298    299 
    76     77    408    409    410    411 
    32     33    824    825    826    827 
    72     73    476    477    478    479 
   184    185    332    333    334    335 
   140    141    216    217    218    219 
    12     13    484    485    486    487 
    94     95    568    569    570    571 
    42     43    320    321    322    323 
    64     65    540    541    542    543 
    62     63    612    613    614    615 
   138    139    388    389    390    391 
   100    101    764    765    766    767 
    30     31    600    601    602    603 
    44     45    320    321    322    323 
   186    187    276    277    278    279 
    96     97    548    549    550    551 
    78     79    236    237    238    239 
    98     99    540    541    542    543 
   112    113    648    649    650    651 
   100    101    384    385    386    387 
   100    101    512    513    514    515 
   112    113    588    589    590    591 
    20     21    592    593    594    595 
   118    119    352    353    354    355 
    64     65    324    325    326    327 
    76     77    324    325    326    327 
    78     79    244    245    246    247 
   168    169    636    637    638    639 
   178    179    256    257    258    259 
    94     95    308    309    310    311 
    30     31    740    741    742    743 
   196    197    456    457    458    459 
   184    185    456    457    458    459 
     8      9    408    409    410    411 
   122    123    444    445    446    447 
    94     95    588    589    590    591 
    94     95    300    301    302    303 
   128    129    244    245    246    247 
   146    147    476    477    478    479 
   112    113    236    237    238    239 
    74     75    624    625    626    627 
    64     65    408    409    410    411 
   120    121    428    429    430    431 
   108    109    480    481    482    483 
    34     35    524    525    526    527 
   118    119    784    785    786    787 
    68     69    656    657    658    659 
    80     81    804    805    806    807 
    40     41    204    205    206    207 
   130    131    784    785    786    787 
    18     19    536    537    538    539 
    34     35    716    717    718    719 
   144    145    576    577    578    579 
    24     25    464    465    466    467 
    84     85    376    377    378    379 
   190    191    540    541    542    543 
    22     23    576    577    578    579 
   122    123    624    625    626    627 
   106    107    560    561    562    563 
    96     97    340    341    342    343 
    22     23    724    725    726    727 
    22     23    588    589    590    591 
    94     95    676    677    678    679 
   168    169    372    373    374    375 
   132    133    392    393    394    395 
   106    107    492    493    494    495 
    24     25    336    337    338    339 
   106    107    424    425    426    427 
   146    147    316    317    318    319 
    64     65    316    317    318    319 
   106    107    216    217    218    219 
    76     77    580    581    582    583 
    92     93    736    737    738    739 
   146    147    656    657    658    659 
   106    107    476    477    478    479 
    34     35    528    529    530    531 
   128    129    452    453    454    455 
   130    131    572    573    574    575 
    82     83    276    277    278    279 
    74     75    312    313    314    315 
   118    119    716    717    718    719 
    74     75    656    657    658    659 
    38     39    408    409    410    411 
    78     79    828    829    830    831 
   128    129    684    685    686    687 
   100    101    536    537    538    539 
   138    139    540    541    542    543 
    66     67    396    397    398    399 
   112    113    332    333    334    335 
    34     35    616    617    618    619 
    34     35    600    601    602    603 
   118    119    764    765    766    767 
   118    119    564    565    566    567 
     6      7    692    693    694    695 
    86     87    744    745    746    747 
    88     89    444    445    446    447 
   106    107    444    445    446    447 
   192    193    320    321    322    323 
    64     65    424    425    426    427 
   192    193    652    653    654    655 
   176    177    304    305    306    307 
   184    185    208    209    210    211 
    76     77    216    217    218    219 
    12     13    600    601    602    603 
   118    119    600    601    602    603 
   196    197    208    209    210    211 
   190    191    408    409    410    411 
    26     27    332    333    334    335 
    92     93    556    557    558    559 
    60     61    664    665    666    667 
    60     61    244    245    246    247 
    70     71    592    593    594    595 
    68     69    328    329    330    331 
   128    129    496    497    498    499 
    36     37    600    601    602    603 
   100    101    520    521    522    523 
   164    165    392    393    394    395 
   186    187    336    337    338    339 
   194    195    392    393    394    395 
    80     81    664    665    666    667 
   192    193    628    629    630    631 
   152    153    480    481    482    483 
   174    175    456    457    458    459 
    86     87    668    669    670    671 
   120    121    560    561    562    563 
    54     55    576    577    578    579 
   122    123    492    493    494    495 
    98     99    428    429    430    431 
   122    123    560    561    562    563 
    52     53    544    545    546    547 
    80     81    684    685    686    687 
    18     19    384    385    386    387 
   182    183    832    833    834    835 
    94     95    804    805    806    807 
   128    129    804    805    806    807 
    52     53    272    273    274    275 
    94     95    788    789    790    791 
   140    141    316    317    318    319 
   106    107    656    657    658    659 
    50     51    488    489    490    491 
    52     53    692    693    694    695 
   180    181    336    337    338    339 
   128    129    208    209    210    211 
   168    169    540    541    542    543 
     8      9    540    541    542    543 
   108    109    204    205    206    207 
   162    163    392    393    394    395 
   168    169    624    625    626    627 
   138    139    328    329    330    331 
   112    113    680    681    682    683 
     8      9    316    317    318    319 
    64     65    560    561    562    563 
    50     51    336    337    338    339 
   172    173    320    321    322    323 
    10     11    728    729    730    731 
   110    111    644    645    646    647 
   162    163    336    337    338    339 
     2      3    640    641    642    643 
   124    125    488    489    490    491 
    48     49    544    545    546    547 
    12     13    824    825    826    827 
    98     99    368    369    370    371 
    54     55    836    837    838    839 
   196    197    304    305    306    307 
   158    159    316    317    318    319 
    28     29    280    281    282    283 
   152    153    320    321    322    323 
    34     35    232    233    234    235 
   112    113    420    421    422    423 
    74     75    428    429    430    431 
    26     27    452    453    454    455 
    26     27    420    421    422    423 
   198    199    336    337    338    339 
    86     87    436    437    438    439 
   174    175    664    665    666    667 
    34     35    700    701    702    703 
   170    171    488    489    490    491 
   170    171    336    337    338    339 
    66     67    392    393    394    395 
    30     31    484    485    486    487 
    96     97    376    377    378    379 
    94     95    672    673    674    675 
    26     27    496    497    498    499 
    68     69    476    477    478    479 
   134    135    544    545    546    547 
    14     15    544    545    546    547 
    12     13    716    717    718    719 
   176    177    676    677    678    679 
    52     53    320    321    322    323 
   112    113    684    685    686    687 
   102    103    316    317    318    319 
    30     31    596    597    598    599 
   154    155    692    693    694    695 
    54     55    696    697    698    699 
   126    127    276    277    278    279 
   138    139    312    313    314    315 
   102    103    624    625    626    627 
   110    111    840    841    842    843 
    46     47    640    641    642    643 
    24     25    276    277    278    279 
    96     97    760    761    762    763 
    78     79    684    685    686    687 
    40     41    272    273    274    275 
   112    113    724    725    726    727 
   196    197    672    673    674    675 
   144    145    664    665    666    667 
   138    139    368    369    370    371 
    18     19    716    717    718    719 
     6      7    264    265    266    267 
   136    137    240    241    242    243 
    76     77    476    477    478    479 
    18     19    764    765    766    767 
    34     35    764    765    766    767 
     2      3    660    661    662    663 
   178    179    784    785    786    787 
    36     37    596    597    598    599 
    96     97    344    345    346    347 
   132    133    464    465    466    467 
    74     75    372    373    374    375 
    54     55    356    357    358    359 
    36     37    352    353    354    355 
    74     75    368    369    370    371 
    60     61    304    305    306    307 
    18     19    404    405    406    407 
    98     99    372    373    374    375 
    38     39    316    317    318    319 
   128    129    420    421    422    423 
   100    101    632    633    634    635 
    88     89    636    637    638    639 
    36     37    512    513    514    515 
   102    103    324    325    326    327 
   128    129    588    589    590    591 
    38     39    624    625    626    627 
    42     43    544    545    546    547 
    80     81    612    613    614    615 
   190    191    368    369    370    371 
   168    169    492    493    494    495 
    34     35    352    353    354    355 
    36     37    248    249    250    251 
   122    123    424    425    426    427 
    88     89    368    369    370    371 
   132    133    396    397    398    399 
    98     99    388    389    390    391 
    64     65    328    329    330    331 
   188    189    448    449    450    451 
    12     13    404    405    406    407 
   168    169    324    325    326    327 
    48     49    628    629    630    631 
    42     43    692    693    694    695 
   130    131    564    565    566    567 
   138    139    656    657    658    659 
    70     71    212    213    214    215 
    28     29    640    641    642    643 
    88     89    316    317    318    319 
   146    147    372    373    374    375 
   186    187    392    393    394    395 
    18     19    700    701    702    703 
    62     63    296    297    298    299 
     2      3    480    481    482    483 
   130    131    736    737    738    739 
    80     81    788    789    790    791 
    60     61    452    453    454    455 
    54     55    308    309    310    311 
    48     49    272    273    274    275 
    36     37    532    533    534    535 
    98     99    476    477    478    479 
   190    191    580    581    582    583 
   140    141    328    329    330    331 
   138    139    408    409    410    411 
   192    193    544    545    546    547 
    96     97    744    745    746    747 
    68     69    636    637    638    639 
    66     67    464    465    466    467 
   178    179    252    253    254    255 
    22     23    704    705    706    707 
   144    145    676    677    678    679 
   174    175    588    589    590    591 
   106    107    408    409    410    411 
   148    149    672    673    674    675 
    80     81    672    673    674    675 
    88     89    324    325    326    327 
    38     39    368    369    370    371 
   148    149    608    609    610    611 
   190    191    328    329    330    331 
   120    121    636    637    638    639 
   116    117    548    549    550    551 
    46     47    660    661    662    663 
     8      9    324    325    326    327 
    54     55    828    829    830    831 
    22     23    844    845    846    847 
   158    159    424    425    426    427 
    98     99    312    313    314    315 
    36     37    564    565    566    567 
    76     77    368    369    370    371 
   112    113    308    309    310    311 
    76     77    424    425    426    427 
    74     75    636    637    638    639 
    76     77    624    625    626    627 
   168    169    328    329    330    331 
   178    179    348    349    350    351 
    22     23    568    569    570    571 
    28     29    480    481    482    483 
   188    189    464    465    466    467 
    20     21    280    281    282    283 
   170    171    832    833    834    835 
    78     79    844    845    846    847 
    32     33    812    813    814    815 
    34     35    404    405    406    407 
   162    163    276    277    278    279 
    42     43    480    481    482    483 
    92     93    700    701    702    703 
    76     77    636    637    638    639 
    78     79    788    789    790    791 
     8      9    636    637    638    639 
     6      7    320    321    322    323 
   138    139    636    637    638    639 
    34     35    556    557    558    559 
     8      9    424    425    426    427 
    26     27    672    673    674    675 
   102    103    492    493    494    495 
   104    105    456    457    458    459 
    64     65    580    581    582    583 
    82     83    464    465    466    467 
   112    113    704    705    706    707 
   100    101    260    261    262    263 
   130    131    556    557    558    559 
   138    139    316    317    318    319 
    40     41    660    661    662    663 
    36     37    736    737    738    739 
    62     63    704    705    706    707 
   168    169    408    409    410    411 
   148    149    452    453    454    455 
    54     55    724    725    726    727 
   158    159    312    313    314    315 
   100    101    484    485    486    487 
   172    173    212    213    214    215 
    52     53    628    629    630    631 
    92     93    536    537    538    539 
    98     99    444    445    446    447 
   130    131    716    717    718    719 
   136    137    276    277    278    279 
    36     37    784    785    786    787 
    26     27    576    577    578    579 
    28     29    272    273    274    275 
    80     81    844    845    846    847 
   100    101    716    717    718    719 
   118    119    736    737    738    739 
    34     35    364    365    366    367 
    14     15    592    593    594    595 
    92     93    364    365    366    367 
   110    111    344    345    346    347 
     8      9    312    313    314    315 
    62     63    300    301    302    303 
    22     23    456    457    458    459 
   136    137    336    337    338    339 
    62     63    420    421    422    423 
   140    141    656    657    658    659 
    32     33    808    809    810    811 
    34     35    824    825    826    827 
   128    129    236    237    238    239 
    70     71    628    629    630    631 
    54     55    848    849    850    851 
   134    135    688    689    690    691 
   158    159    328    329    330    331 
    92     93    552    553    554    555 
   154    155    592    593    594    595 
   130    131    596    597    598    599 
   140    141    424    425    426    427 
   136    137    396    397    398    399 
    34     35    532    533    534    535 
    84     85    604    605    606    607 
    48     49    692    693    694    695 
   138    139    624    625    626    627 
    78     79    612    613    614    615 
   168    169    428    429    430    431 
    22     23    828    829    830    831 
   158    159    540    541    542    543 
   158    159    408    409    410    411 
   194    195    396    397    398    399 
   194    195    336    337    338    339 
    30     31    564    565    566    567 
   144    145    588    589    590    591 
     2      3    544    545    546    547 
    68     69    368    369    370    371 
   186    187    396    397    398    399 
    80     81    680    681    682    683 
    60     61    680    681    682    683 
    20     21    544    545    546    547 
    36     37    716    717    718    719 
   100    101    552    553    554    555 
    84     85    668    669    670    671 
   120    121    540    541    542    543 
    80     81    576    577    578    579 
    44     45    660    661    662    663 
   180    181    468    469    470    471 
    34     35    252    253    254    255 
    94     95    576    577    578    579 
    32     33    516    517    518    519 
   146    147    428    429    430    431 
     6      7    480    481    482    483 
   120    121    492    493    494    495 
    74     75    424    425    426    427 
   158    159    656    657    658    659 
   148    149    576    577    578    579 
   122    123    408    409    410    411 
   156    157    276    277    278    279 
   176    177    588    589    590    591 
    52     53    640    641    642    643 
    80     81    300    301    302    303 
   158    159    368    369    370    371 
   154    155    228    229    230    231 
    36     37    384    385    386    387 
   118    119    596    597    598    599 
    42     43    280    281    282    283 
   130    131    352    353    354    355 
   130    131    552    553    554    555 
    26     27    664    665    666    667 
   144    145    236    237    238    239 
   144    145    680    681    682    683 
   144    145    496    497    498    499 
    44     45    272    273    274    275 
    48     49    212    213    214    215 
   102    103    216    217    218    219 
    30     31    764    765    766    767 
    30     31    716    717    718    719 
   122    123    312    313    314    315 
   122    123    540    541    542    543 
    36     37    740    741    742    743 
   100    101    600    601    602    603 
    78     79    680    681    682    683 
    54     55    852    853    854    855 
   178    179    484    485    486    487 
    26     27    680    681    682    683 
   168    169    656    657    658    659 
   168    169    424    425    426    427 
   168    169    476    477    478    479 
    42     43    628    629    630    631 
     4      5    332    333    334    335 
     4      5    456    457    458    459 
    88     89    424    425    426    427 
   172    173    480    481    482    483 
   172    173    544    545    546    547 
    98     99    424    425    426    427 
    98     99    216    217    218    219 
    98     99    560    561    562    563 
    80     81    828    829    830    831 
   144    145    456    457    458    459 
   144    145    608    609    610    611 
   144    145    452    453    454    455 
    38     39    636    637    638    639 
    14     15    692    693    694    695 
    18     19    824    825    826    827 
    44     45    652    653    654    655 
    44     45    692    693    694    695 
   140    141    476    477    478    479 
    48     49    640    641    642    643 
   158    159    476    477    478    479 
    94     95    680    681    682    683 
    32     33    484    485    486    487 
    32     33    460    461    462    463 
    86     87    760    761    762    763 
   102    103    408    409    410    411 
   108    109    652    653    654    655 
   108    109    692    693    694    695 
   112    113    844    845    846    847 
   112    113    788    789    790    791 
   106    107    540    541    542    543 
    20     21    660    661    662    663 
    20     21    652    653    654    655 
    92     93    564    565    566    567 
    92     93    764    765    766    767 
    92     93    404    405    406    407 
   194    195    468    469    470    471 
   194    195    464    465    466    467 
   148    149    332    333    334    335 
   148    149    420    421    422    423 
   146    147    312    313    314    315 
    30     31    784    785    786    787 
   170    171    464    465    466    467 
   122    123    316    317    318    319 
   122    123    324    325    326    327 
   122    123    580    581    582    583 
   154    155    660    661    662    663 
   154    155    204    205    206    207 
    36     37    700    701    702    703 
   142    143    392    393    394    395 
   116    117    440    441    442    443 
   180    181    448    449    450    451 
   180    181    472    473    474    475 
   180    181    392    393    394    395 
   138    139    580    581    582    583 
   192    193    692    693    694    695 
   100    101    736    737    738    739 
   188    189    832    833    834    835 
   188    189    488    489    490    491 
   188    189    336    337    338    339 
    34     35    348    349    350    351 
    34     35    740    741    742    743 
    84     85    344    345    346    347 
   176    177    356    357    358    359 
   176    177    684    685    686    687 
    40     41    688    689    690    691 
    78     79    724    725    726    727 
   118    119    528    529    530    531 
   118    119    232    233    234    235 
   128    129    672    673    674    675 
   128    129    612    613    614    615 
   128    129    680    681    682    683 
   128    129    676    677    678    679 
    54     55    844    845    846    847 
   178    179    248    249    250    251 
    12     13    820    821    822    823 
   110    111    360    361    362    363 
     8      9    580    581    582    583 
   134    135    228    229    230    231 
   134    135    692    693    694    695 
    46     47    264    265    266    267 
    62     63    828    829    830    831 
    62     63    788    789    790    791 
